19910101
2.707
1.668
2.283
2.675
6.328
6.641
3.158
5.665
6.146
4.417
2.334
2.386
1.774
4.597
7.204
7.805
7.863
7.945
7.942
8.086
7.787
8.307
8.724
8.400
5.896
8.798
8.955
9.406
9.389
9.644
9.681
8.990
9.734
9.371
6.804
7.781
7.639
10.571
6.939
9.370
6.014
10.476
6.619
9.657
9.380
9.505
4.903
13.320
10.833
6.392
6.262
8.054
7.196
9.212
7.064
6.653
6.612
6.323
6.752
10.044
6.171
7.900
7.426
6.341
6.732
5.485
6.530
7.455
5.360
12.250
7.087
15.404
13.466
14.930
13.203
18.991
6.742
13.941
9.674
14.536
7.261
14.703
13.989
16.073
6.172
9.098
15.296
16.747
15.300
18.387
20.751
18.574
7.257
13.314
15.266
7.900
20.491
20.472
17.406
25.175
25.598
22.756
14.561
21.694
11.233
6.691
7.362
11.296
18.321
26.668
12.857
17.328
11.377
20.275
26.059
26.737
22.861
25.515
13.855
20.962
21.975
9.148
9.293
10.662
21.479
14.319
12.115
24.503
24.119
21.743
5.642
5.791
18.211
20.728
8.849
19.278
17.033
8.039
17.073
12.829
11.537
10.333
7.447
16.273
25.774
7.364
27.537
17.424
16.096
19.055
28.328
12.975
22.123
12.536
8.553
25.882
10.478
9.399
8.286
23.020
6.581
15.101
10.996
14.181
7.271
24.044
24.961
4.231
23.970
11.087
26.371
28.172
20.744
26.607
18.505
13.418
23.721
5.364
29.998
28.852
29.638
32.248
32.625
29.447
30.712
26.435
31.397
24.804
25.973
11.898
25.811
22.344
23.352
22.602
4.268
21.880
28.290
10.802
24.031
16.786
9.389
19.763
20.175
26.175
19.529
4.082
18.742
6.017
12.432
19.955
29.795
18.149
5.190
3.852
5.032
18.805
22.099
28.239
28.791
28.162
22.609
18.062
21.385
21.718
27.078
19.186
26.976
26.944
26.284
14.887
19.962
21.803
25.927
25.891
14.769
20.961
23.425
24.782
18.266
23.332
22.898
25.133
24.749
24.143
18.328
20.826
23.409
23.259
23.059
15.119
19.504
22.639
22.741
15.828
12.656
10.953
18.879
12.929
16.282
6.360
19.480
19.953
13.949
18.974
17.047
15.563
19.098
18.223
6.069
4.409
16.104
3.324
6.881
11.254
12.484
17.016
17.145
16.689
13.201
14.028
6.878
15.153
15.680
15.114
3.154
13.209
10.763
10.929
11.368
8.637
4.078
3.637
6.224
9.278
10.659
10.549
10.316
7.296
3.270
3.700
10.241
11.109
11.519
11.305
11.145
8.753
10.253
2.868
10.244
3.578
4.332
9.556
4.405
4.931
7.018
8.715
3.038
1.457
4.597
2.406
3.592
6.127
5.476
3.052
2.467
2.866
3.759
4.796
2.589
6.760
6.565
5.750
5.208
7.065
6.067
6.648
6.584
6.391
4.510
3.234
3.470
3.663
6.118
6.178
6.180
6.193
6.146
6.111
5.845
5.735
3.963
1.300
0.812
1.429
1.301
0.397
5.740
1.821
1.953
2.758
1.071
4.016
5.973
6.024
6.281
6.052
6.038
6.418
6.146
3.147
6.103
6.570
6.396
2.764
3.552
6.854
6.938
3.288
6.841
4.320
7.379
7.252
7.252
6.840
4.288
7.096
6.468
6.347
4.271
4.155
3.885
5.483
8.730
4.464
8.481
7.515
9.262
9.067
8.240
6.855
2.821
5.274
6.270
8.517
5.725
5.246
6.410
3.807
5.594
5.164
8.514
10.432
5.869
9.817
12.918
10.937
10.368
11.354
7.062
13.397
6.729
9.643
14.159
8.459
7.534
13.056
11.698
14.175
6.844
11.652
5.560
14.943
10.457
11.179
9.062
9.866
17.194
10.064
7.737
7.165
9.541
16.718
13.449
12.534
4.975
7.515
9.685
10.401
10.409
14.495
13.735
12.073
12.654
12.413
14.055
14.688
16.645
16.699
12.185
7.125
7.420
10.660
12.878
14.137
9.347
24.567
23.780
22.153
5.119
23.978
12.145
9.952
20.706
18.429
3.420
8.862
26.916
14.530
7.879
18.353
25.819
21.650
15.162
5.419
7.035
8.940
7.097
13.992
10.109
4.609
10.654
6.426
11.484
8.133
10.958
8.600
6.190
19.946
23.478
11.660
19.378
27.749
8.494
10.411
18.595
19.691
19.043
22.200
17.111
16.882
20.286
15.759
11.559
7.439
7.933
11.554
8.868
22.873
26.711
21.748
14.301
23.436
22.449
29.922
15.226
18.800
20.719
21.712
7.963
6.948
10.905
14.726
10.731
7.201
14.369
3.133
22.558
28.962
21.589
23.076
24.819
13.746
28.424
32.477
31.093
22.006
22.650
29.865
29.492
16.539
19.079
4.072
17.810
20.507
18.576
22.111
23.138
2.863
22.221
19.774
24.700
22.094
23.351
29.755
25.913
12.926
23.365
29.888
19.091
20.869
29.416
22.347
21.988
29.183
19.743
24.969
28.719
16.848
26.690
28.048
22.606
14.959
24.778
20.534
26.857
28.227
27.831
18.948
11.593
10.733
15.084
12.004
21.459
24.405
25.977
26.320
24.903
25.065
24.405
19.249
24.262
11.937
19.800
17.808
23.868
23.844
23.976
14.014
15.952
16.479
23.413
15.620
4.619
9.905
22.825
18.523
8.071
10.090
9.489
18.693
21.147
19.957
11.541
10.713
20.814
20.604
20.595
19.571
16.055
15.881
14.901
15.227
6.294
14.657
15.122
18.097
8.647
12.826
4.923
12.020
11.040
12.084
3.309
6.367
12.800
9.732
14.433
12.741
8.757
4.085
8.952
10.481
14.611
12.111
2.307
1.519
4.751
10.040
5.544
4.580
10.055
12.020
9.963
4.502
7.771
6.728
4.324
7.570
3.962
3.071
3.080
6.110
2.769
6.663
6.405
9.526
9.859
8.108
8.501
6.916
3.068
8.479
3.999
8.044
5.905
1.531
1.863
5.330
5.079
3.597
2.118
2.674
3.343
7.468
5.087
2.369
6.815
2.717
1.641
4.098
3.496
1.912
0.946
4.476
0.858
2.879
3.824
1.563
1.696
3.563
3.609
1.155
3.963
5.995
6.044
4.836
5.842
5.995
5.293
5.109
5.272
4.115
2.002
5.494
5.948
6.082
6.105
6.234
6.170
6.245
6.238
6.531
6.269
5.153
6.364
6.444
4.616
1.721
3.861
6.190
5.452
3.819
3.904
4.242
3.735
3.771
7.400
7.510
7.539
7.420
7.166
4.345
8.054
4.627
7.839
2.656
7.947
3.234
4.939
8.021
4.845
9.397
7.764
9.053
9.765
10.108
8.114
10.617
4.285
6.664
6.719
10.553
10.358
8.180
12.015
12.195
12.500
10.333
3.267
11.087
9.237
4.490
5.621
8.032
9.755
10.608
10.512
14.371
10.849
11.058
11.801
10.685
9.032
9.540
13.803
7.141
4.448
15.373
16.789
18.151
13.177
12.077
11.688
11.477
11.402
13.815
6.332
6.469
7.019
14.722
9.489
11.159
11.545
5.349
8.500
17.716
14.516
17.652
18.308
23.288
14.396
11.811
8.456
12.253
12.993
14.748
22.738
13.841
8.072
20.244
11.562
8.225
13.489
12.834
25.572
10.889
13.529
22.837
15.054
17.855
26.266
20.135
26.908
26.002
25.029
20.360
22.765
27.646
19.875
9.372
10.627
20.545
15.278
8.184
7.139
5.731
12.119
16.707
10.061
14.086
16.205
16.040
18.355
22.515
21.410
12.531
9.681
20.376
16.304
16.075
22.746
13.329
22.780
26.788
23.536
29.353
29.902
24.794
10.293
11.705
10.160
11.039
27.110
24.653
8.881
15.481
21.696
23.694
16.508
14.254
11.950
28.459
9.127
7.601
18.011
17.541
23.221
30.306
7.228
29.778
31.429
12.277
14.029
25.882
13.831
4.657
26.224
12.290
15.538
19.978
28.411
32.541
32.339
21.558
21.484
30.624
27.453
6.531
29.952
22.074
27.372
16.231
4.803
19.509
23.411
16.486
19.381
27.248
26.188
29.115
11.464
3.508
20.228
21.578
28.465
30.130
17.742
8.892
24.075
21.079
29.387
27.893
9.568
15.774
22.312
17.877
26.581
27.213
18.894
26.901
15.243
27.633
12.927
22.376
27.332
25.144
27.047
26.030
26.446
21.739
25.064
24.410
17.144
23.916
23.061
15.622
20.626
8.921
8.035
11.262
7.663
21.863
22.825
3.859
7.896
23.536
20.177
10.673
5.984
23.557
18.586
8.757
12.566
9.985
12.815
15.859
4.604
19.560
8.696
17.368
10.080
14.459
16.102
19.807
17.267
19.175
18.165
15.571
13.191
3.821
14.247
14.057
5.308
16.596
6.157
5.685
13.277
14.700
13.595
7.619
12.319
4.400
9.721
8.614
7.095
9.158
6.990
7.829
9.341
12.178
5.759
5.540
8.923
4.260
1.754
2.185
4.264
5.193
4.940
6.151
9.287
4.905
5.818
11.423
11.357
7.822
7.999
8.615
10.085
5.562
3.169
4.886
3.928
5.109
8.173
6.169
3.523
7.541
2.197
5.770
3.870
5.189
7.440
8.168
7.265
7.116
5.561
7.109
6.865
7.446
5.512
4.339
4.535
4.385
6.946
4.586
4.020
6.010
6.667
1.724
6.642
3.847
2.578
6.279
6.112
4.977
4.814
6.163
2.993
3.187
3.093
2.547
3.817
4.379
2.115
4.323
4.964
6.125
1.709
2.809
2.349
3.494
6.425
6.126
6.053
4.756
1.383
3.121
5.817
1.887
6.636
2.086
1.356
4.975
2.244
3.544
3.337
3.739
4.033
3.445
7.110
6.489
5.125
7.877
8.256
7.296
6.145
8.245
4.421
6.973
5.558
2.650
8.571
3.677
7.320
9.373
4.697
9.755
6.634
6.227
5.369
7.972
5.686
4.717
3.809
6.690
8.821
5.070
7.941
6.974
10.240
11.498
9.754
7.747
12.687
12.783
10.621
8.435
10.277
11.119
5.969
12.541
7.567
12.019
6.318
5.254
14.476
13.758
12.025
9.191
8.928
9.332
6.032
5.020
7.502
4.329
5.415
10.616
10.482
13.174
15.140
10.575
18.865
18.428
14.539
19.271
11.729
14.668
20.215
18.009
6.542
17.612
16.806
15.577
15.068
14.727
8.384
9.511
13.856
20.008
12.087
17.345
21.125
13.949
12.457
21.900
12.888
9.232
5.322
18.813
18.794
13.183
11.127
10.723
12.611
18.965
21.764
23.241
18.065
16.146
16.275
8.023
11.756
7.607
15.818
20.571
11.666
28.688
20.836
15.458
7.858
19.534
29.314
21.095
29.718
16.721
19.574
29.755
25.239
14.254
24.557
28.540
26.792
23.187
7.676
11.872
15.465
14.263
28.241
13.184
17.492
12.992
28.450
24.370
19.871
14.963
24.662
26.505
19.262
8.427
6.613
22.988
19.399
15.233
22.998
4.571
15.901
13.129
6.466
18.803
17.338
32.203
32.693
32.282
32.533
23.609
9.137
18.442
23.944
30.895
29.954
29.586
25.921
28.449
27.173
22.895
21.512
30.165
24.871
31.875
23.516
28.804
26.827
14.491
21.893
22.848
29.208
23.204
24.450
26.908
27.770
26.040
29.490
29.375
26.281
14.283
5.774
5.709
26.064
27.536
19.658
24.209
8.977
21.229
22.326
23.451
18.686
29.537
24.961
20.412
27.602
26.744
29.079
23.647
27.646
19.706
25.268
27.659
16.521
17.145
17.514
19.285
26.983
5.771
10.815
25.275
14.325
25.774
25.863
25.457
24.503
21.028
2.967
20.614
24.908
18.114
5.601
21.675
22.193
20.565
13.687
4.392
21.847
22.697
21.223
16.021
15.094
5.718
11.348
15.782
18.568
17.570
5.767
8.052
14.411
3.841
11.353
5.281
10.976
10.732
12.653
7.653
18.061
18.577
10.955
8.575
14.405
17.943
14.806
11.121
16.141
9.177
5.756
17.211
13.979
17.100
5.117
15.659
16.146
15.665
15.516
15.547
15.015
14.698
14.437
11.453
5.814
13.909
11.897
10.769
11.560
3.304
3.942
12.604
6.417
12.070
5.003
8.853
6.395
10.887
7.661
6.953
4.360
3.387
2.698
5.382
1.443
7.748
7.276
2.593
1.598
3.022
4.678
6.214
3.743
3.668
8.299
4.946
2.710
2.341
7.513
5.617
6.605
7.296
2.574
4.808
1.988
6.486
6.138
7.025
6.852
4.694
4.610
3.585
3.151
2.331
5.206
6.165
2.618
0.795
3.444
6.184
6.168
1.343
6.309
5.579
5.240
6.112
4.299
1.830
2.811
3.148
3.617
5.268
5.628
5.205
5.960
1.785
3.611
2.376
6.472
5.295
5.241
3.718
5.657
6.676
6.709
4.843
6.945
4.708
1.505
1.517
3.168
4.394
7.595
4.640
7.796
8.022
6.371
3.365
5.877
3.540
4.286
3.191
7.939
2.544
5.841
4.776
5.083
5.121
7.991
9.724
7.502
6.680
8.516
5.844
7.391
8.854
7.215
6.788
7.151
10.130
6.111
6.239
7.929
5.476
9.061
4.879
9.609
3.327
12.924
5.257
5.407
10.707
3.340
8.341
8.125
4.765
9.296
8.899
12.859
7.725
14.771
5.177
16.661
8.518
15.287
13.884
15.048
15.766
8.303
9.390
14.888
12.727
11.559
17.530
15.388
9.339
8.281
7.742
9.545
15.784
13.185
10.170
9.922
15.113
12.740
18.014
8.856
15.498
20.397
5.326
8.367
12.980
11.132
8.450
8.119
7.548
9.293
14.276
17.594
10.931
8.917
13.383
19.322
19.566
18.965
17.063
16.883
9.654
5.621
7.205
18.866
14.695
15.743
8.029
7.259
14.774
20.864
11.366
18.632
17.255
23.732
29.354
26.480
12.730
17.621
15.384
22.583
12.767
11.206
10.535
16.078
8.473
10.707
17.130
16.585
12.314
11.914
9.261
13.417
11.297
14.200
24.860
26.103
26.363
22.250
18.993
13.857
19.750
14.603
3.417
4.368
14.894
10.357
10.877
7.388
5.555
8.298
12.231
7.428
11.409
6.560
15.688
13.531
13.995
16.104
7.691
18.757
13.490
20.456
29.276
29.679
3.998
11.954
6.684
7.284
8.948
24.749
8.951
18.771
18.090
30.927
23.725
13.883
23.652
9.872
15.913
31.494
28.543
31.709
31.115
28.740
29.283
23.058
26.779
10.701
17.859
17.759
25.938
24.483
30.874
29.182
28.467
3.878
20.674
29.970
28.961
28.274
14.839
20.080
5.625
22.441
28.503
29.214
29.606
29.278
28.550
27.673
11.657
11.447
11.485
6.577
8.703
22.338
9.472
3.281
18.411
14.774
11.848
17.858
8.413
12.611
16.887
14.736
21.672
17.215
9.181
15.978
23.463
7.017
6.836
11.340
15.568
5.487
15.448
12.810
16.534
16.771
11.537
6.623
18.551
17.264
19.468
18.094
20.835
14.847
3.372
12.514
17.170
18.961
16.510
3.449
8.432
5.316
6.298
8.747
9.505
17.328
13.130
18.199
4.746
12.901
13.587
6.186
16.906
13.360
15.663
12.909
15.066
12.134
15.356
14.711
11.902
15.719
15.592
15.189
14.212
14.071
14.423
14.168
9.278
8.739
13.179
9.150
7.171
13.243
13.352
13.184
12.226
11.283
8.746
9.100
5.511
2.931
8.978
3.417
5.296
3.622
6.735
9.985
9.752
3.906
7.895
8.398
3.091
4.623
3.067
1.821
4.560
3.431
6.861
2.991
5.974
6.965
8.278
7.643
1.923
5.882
7.113
3.885
2.890
4.466
4.257
6.672
6.787
4.735
3.288
4.491
4.197
6.775
5.550
6.299
5.689
4.717
5.453
2.829
2.339
3.861
3.557
2.462
2.231
1.798
2.666
5.724
3.770
3.131
2.602
2.524
1.780
1.495
2.580
5.628
5.991
6.127
2.949
2.752
4.204
3.323
6.858
6.559
3.508
2.835
2.205
6.115
3.081
2.655
1.782
3.014
2.924
6.962
7.700
7.847
7.382
7.867
7.335
8.284
7.838
3.466
5.313
3.421
3.771
4.659
8.272
6.058
4.551
9.963
9.616
6.832
3.825
5.681
7.807
9.386
11.006
10.192
8.500
7.107
7.942
8.913
10.789
5.347
8.001
6.979
6.573
9.035
5.325
9.368
8.351
9.682
12.496
14.669
13.985
11.538
8.695
12.368
15.667
8.323
10.212
9.626
12.511
17.397
9.786
16.112
10.338
11.166
10.558
16.277
12.563
13.389
13.580
14.018
8.758
7.464
6.523
10.733
14.357
11.651
14.303
3.356
8.540
8.375
8.422
9.639
23.424
19.281
17.564
16.262
11.598
12.300
14.025
12.040
10.546
10.684
22.825
21.615
14.902
16.965
15.584
13.253
13.339
22.090
19.786
27.319
24.190
12.638
12.103
14.542
27.296
25.837
11.863
6.501
10.350
5.470
22.415
21.292
16.501
11.099
13.980
15.305
9.700
28.924
11.704
8.628
7.950
21.680
6.958
16.193
11.350
4.621
4.268
7.632
11.728
6.727
27.647
24.584
20.995
4.913
28.055
21.472
13.327
27.573
10.228
27.185
6.226
20.953
32.368
30.230
31.893
15.299
27.329
27.068
7.337
18.873
28.626
31.907
32.469
32.135
31.294
30.491
29.213
4.180
33.547
33.308
31.927
32.693
29.018
24.595
21.548
10.438
5.738
10.247
19.772
16.798
10.000
22.241
10.657
27.299
22.762
9.499
7.843
21.732
28.432
20.329
10.590
14.630
13.168
23.277
5.926
17.642
12.762
21.169
30.084
17.691
19.583
11.198
28.595
28.429
31.189
21.593
30.797
30.498
25.235
28.496
24.191
23.270
14.771
23.015
19.665
25.311
19.180
18.647
13.687
26.362
26.618
18.766
13.521
22.713
28.629
16.479
3.070
4.203
11.898
13.852
20.107
17.441
24.351
10.574
16.657
18.503
16.848
23.655
14.759
11.454
21.797
20.669
10.621
3.719
16.531
11.488
5.851
16.789
6.781
4.919
13.998
5.151
21.061
5.442
9.073
18.120
17.233
21.251
11.564
16.156
3.053
6.878
6.035
6.368
5.379
15.510
9.969
12.435
13.502
2.367
3.668
18.926
5.826
15.716
7.427
11.714
18.002
13.080
1.909
4.598
14.602
5.356
5.029
4.579
4.827
2.193
2.893
5.512
12.175
4.119
4.838
9.396
5.158
1.387
4.714
9.253
5.844
1.054
3.496
12.835
12.190
12.452
1.914
11.142
2.538
4.094
8.256
6.552
1.486
9.965
6.566
10.314
3.790
9.698
4.500
9.875
9.808
2.974
3.602
1.784
1.990
0.818
4.983
2.083
3.771
2.045
5.360
5.102
5.842
3.904
7.147
4.028
4.814
2.549
6.411
3.180
6.462
6.531
2.236
3.494
6.230
6.808
5.618
3.924
3.585
4.734
5.546
2.009
2.639
2.725
2.750
2.001
6.195
3.789
4.036
1.822
3.129
1.816
3.345
1.974
1.645
2.251
3.281
6.100
6.089
5.739
6.122
4.290
3.544
4.632
4.395
2.807
5.693
4.551
6.287
6.196
6.283
4.462
3.416
6.598
7.661
7.396
7.534
7.725
7.798
7.784
7.049
4.336
4.238
3.041
6.011
6.048
7.009
2.037
7.326
8.112
4.853
9.199
9.709
9.681
9.931
10.166
10.206
10.186
7.388
9.798
9.243
8.529
8.691
6.159
8.008
7.177
9.341
7.060
6.735
11.920
10.862
8.641
8.478
9.101
12.049
6.016
6.648
10.433
4.546
4.872
4.551
14.956
8.142
8.944
8.054
10.949
13.567
6.230
11.411
12.359
8.871
15.247
9.554
9.448
14.048
11.626
8.615
3.900
4.601
13.324
9.270
5.687
8.861
11.527
19.068
13.948
15.482
10.848
7.065
8.084
7.442
14.041
17.863
12.981
7.977
8.672
5.762
12.954
7.478
23.157
22.457
19.477
16.021
22.658
23.983
25.538
23.586
8.199
13.029
26.176
22.381
17.121
7.510
22.059
26.544
26.676
23.614
22.072
18.799
3.528
20.438
23.417
7.534
9.277
18.883
28.290
23.489
12.503
6.554
5.014
11.889
25.247
19.156
10.843
17.578
23.019
29.787
30.331
30.663
28.810
28.862
27.680
28.766
27.599
23.740
27.659
15.655
20.017
25.590
31.278
18.550
32.252
29.779
33.352
18.295
17.583
19.639
26.619
12.796
22.911
24.206
23.141
15.914
27.904
19.679
24.258
20.838
18.232
25.654
11.817
10.229
25.265
13.750
13.899
24.443
6.965
24.361
27.647
23.726
9.478
4.121
18.129
29.855
29.261
19.930
19.181
29.148
31.643
8.169
5.052
7.553
9.936
29.222
18.373
22.676
22.653
31.327
28.737
16.126
29.816
17.447
13.049
6.354
18.699
27.548
27.666
25.913
24.092
21.225
4.896
27.091
25.634
20.564
29.754
25.272
11.996
14.508
24.665
28.340
24.597
23.181
22.145
22.592
27.528
28.191
19.165
27.585
27.883
26.851
26.497
24.736
2.756
20.665
20.555
22.252
23.119
21.985
25.201
18.503
23.519
19.966
16.062
7.822
5.561
22.426
17.476
24.443
23.700
20.231
19.029
22.958
17.744
9.596
20.394
22.958
19.331
21.950
19.374
3.976
16.738
21.305
21.244
21.071
20.861
20.958
15.116
17.579
16.171
18.951
19.337
19.310
19.297
18.971
18.405
18.434
15.449
6.253
14.358
5.513
17.277
17.380
16.970
7.797
13.816
13.756
8.621
15.656
8.427
7.552
7.993
8.755
2.535
11.947
13.325
13.304
13.373
6.344
9.189
13.452
11.395
12.624
8.897
5.937
12.548
12.276
10.902
10.485
10.818
10.607
10.726
6.757
3.626
1.918
3.222
4.157
2.691
9.253
7.884
3.761
4.543
5.295
7.589
2.040
3.697
8.476
6.282
6.921
6.152
7.798
3.780
3.512
2.808
2.904
2.865
2.639
1.837
1.207
1.848
3.881
2.252
4.163
3.829
5.632
3.451
3.279
2.563
6.003
1.176
5.851
1.005
5.453
4.096
4.311
3.215
1.789
3.248
1.714
4.347
4.061
5.884
2.883
2.620
1.561
3.777
2.787
5.628
6.311
3.311
2.191
2.189
5.554
6.548
6.952
5.377
3.777
2.904
6.999
7.209
7.411
7.201
5.703
3.205
2.994
2.773
3.155
7.685
6.985
4.311
3.533
5.493
4.872
4.979
6.026
8.895
9.439
9.676
5.538
9.731
7.520
9.914
9.373
10.162
10.757
10.761
10.678
6.889
7.282
5.955
11.175
11.255
10.683
6.014
2.995
11.299
11.405
2.706
10.799
8.702
10.584
13.380
5.212
4.240
6.850
3.886
6.288
6.128
13.629
8.558
15.449
11.973
5.196
11.716
11.766
6.748
14.592
11.721
10.437
16.113
11.216
10.948
9.828
4.089
6.359
6.050
7.528
5.806
9.614
12.464
13.005
7.098
15.453
20.345
21.255
13.379
9.441
10.041
9.753
23.081
10.284
9.792
7.226
7.199
5.010
8.709
6.797
22.301
22.802
15.091
20.060
12.670
10.100
15.878
14.921
11.781
19.637
9.442
16.716
18.786
19.439
24.557
7.063
12.799
27.294
6.171
19.957
2.650
12.653
18.583
18.621
20.925
18.396
3.734
24.224
17.587
23.742
27.646
11.560
18.014
10.355
16.168
16.510
25.743
8.474
25.035
20.954
7.910
9.089
22.215
24.664
15.426
13.137
12.860
23.772
27.786
23.660
23.463
16.564
18.200
18.788
15.653
6.472
13.085
19.004
29.344
31.152
28.950
15.744
32.720
22.872
9.649
4.960
15.993
23.906
22.466
24.785
25.675
25.677
13.232
30.072
32.095
27.315
14.650
24.134
27.504
19.036
30.673
15.817
8.828
20.029
25.233
18.368
9.946
22.157
16.699
24.867
18.824
8.511
22.634
27.555
28.354
12.749
25.433
8.948
20.861
15.755
19.995
28.644
26.761
25.301
30.739
27.467
29.385
24.076
5.249
13.365
26.585
23.002
18.701
22.808
20.135
28.191
29.019
13.343
25.168
6.602
29.246
28.655
28.208
28.544
24.460
27.177
25.287
25.597
14.376
21.375
26.866
25.730
2.587
11.421
11.945
16.369
17.479
20.618
8.921
14.157
25.015
11.530
20.831
14.008
12.679
10.538
21.487
22.436
14.570
20.907
2.326
19.058
19.276
4.572
22.462
19.099
9.758
1.601
7.561
14.712
13.928
11.516
17.300
4.616
14.236
7.175
18.694
13.878
11.506
19.851
16.528
14.368
13.033
4.878
16.744
5.444
12.702
15.045
5.800
8.633
3.026
10.299
2.179
3.196
15.918
15.205
13.006
15.151
5.626
4.367
12.245
11.892
5.790
1.609
1.117
6.660
9.180
12.813
12.619
12.342
5.781
9.748
6.981
6.307
3.972
10.157
10.009
2.348
10.810
3.131
1.061
7.945
10.571
5.714
5.049
0.927
2.249
4.631
9.028
8.967
3.654
4.527
6.493
4.273
7.636
8.145
5.026
5.260
7.689
4.483
2.162
3.242
6.058
3.520
5.822
5.838
3.872
3.669
5.766
3.200
4.432
4.229
3.348
3.242
3.758
6.335
3.376
5.986
4.826
2.497
1.206
6.002
2.354
5.967
6.135
5.717
3.202
2.940
4.103
6.444
4.206
6.156
5.926
4.436
4.864
3.649
3.927
4.137
3.733
5.062
5.959
3.435
6.368
6.861
6.775
5.378
7.014
5.904
4.998
3.445
3.799
3.110
7.538
6.675
7.971
3.482
5.525
8.221
8.480
8.543
6.488
8.592
6.590
4.489
6.362
3.485
4.367
6.018
8.325
7.300
5.136
9.097
6.633
4.339
3.019
4.433
6.618
4.967
6.927
8.993
11.824
9.048
7.553
11.310
8.472
6.235
4.206
7.584
4.975
6.162
6.083
6.473
8.897
15.245
7.734
11.435
8.163
9.688
7.936
7.039
13.167
4.763
13.974
8.454
16.118
9.547
9.292
7.498
8.475
13.900
8.262
5.404
13.285
18.925
18.769
15.719
9.277
15.832
10.422
10.726
10.804
17.097
11.481
9.869
9.029
8.605
8.753
12.554
10.484
6.414
7.980
5.525
7.402
10.190
6.639
8.153
8.708
14.046
10.217
15.827
10.375
24.898
14.004
3.103
13.478
18.549
14.943
19.101
11.518
12.659
14.712
7.976
17.824
9.959
13.076
18.791
14.979
6.270
13.698
18.825
18.849
13.120
3.864
5.459
20.184
6.524
16.132
13.906
15.259
7.912
25.002
15.234
12.330
17.324
22.582
30.456
17.638
19.803
2.925
5.255
12.177
14.489
25.291
30.620
21.866
18.689
27.110
23.079
22.537
28.323
28.694
22.657
12.245
30.952
10.063
26.189
14.684
26.762
16.462
5.707
19.978
17.307
23.893
8.219
9.606
24.420
12.068
26.195
16.696
7.624
7.153
31.758
21.268
23.231
26.195
17.865
13.195
27.001
13.051
24.693
26.204
25.742
31.473
30.838
30.654
26.828
9.195
7.657
6.006
17.215
12.636
30.026
26.512
26.977
25.654
29.181
29.440
28.917
21.759
21.053
2.503
10.380
15.804
25.548
30.166
24.231
12.300
9.385
29.865
8.826
26.027
24.208
24.399
23.284
15.622
19.310
18.699
21.979
27.755
11.579
22.044
13.252
14.081
21.828
7.244
8.902
11.808
10.912
10.430
3.060
13.767
7.580
22.822
4.408
25.484
14.828
8.283
17.220
12.982
16.645
18.115
17.480
23.400
19.265
16.213
19.477
18.474
11.584
17.511
21.827
21.881
17.475
22.000
21.350
19.062
21.838
13.443
3.256
16.570
14.646
4.503
15.219
18.685
14.034
15.607
9.464
11.900
16.939
3.202
15.733
12.929
17.563
6.797
4.688
10.554
5.650
7.715
11.776
8.628
13.417
4.358
15.243
5.528
7.566
15.016
11.871
14.932
14.572
4.042
7.186
12.920
4.115
8.787
4.713
2.572
2.908
3.694
10.931
11.511
11.112
8.418
5.637
9.397
10.065
1.046
4.942
8.320
2.001
2.885
3.579
3.537
2.009
9.444
5.875
4.685
4.155
5.646
7.262
2.281
7.713
2.970
8.154
2.955
5.118
1.406
3.021
7.313
7.487
5.618
7.584
7.633
7.435
6.651
5.917
6.533
5.514
3.067
6.430
5.448
3.894
2.558
1.589
6.470
3.395
5.021
2.915
3.351
3.237
6.601
3.143
2.503
3.889
5.257
6.551
6.448
4.118
2.404
1.552
2.224
1.495
2.043
5.711
6.105
3.744
4.564
6.676
6.820
4.207
6.905
3.606
6.846
6.573
3.498
4.833
7.200
7.229
7.436
6.689
5.711
2.649
2.475
4.716
7.191
4.973
5.292
2.975
7.663
9.115
9.009
9.142
9.159
4.969
1.434
7.537
9.740
4.229
3.953
10.303
3.161
4.165
5.206
8.667
3.995
10.574
3.519
7.675
9.079
5.442
5.732
4.512
8.132
5.552
8.345
5.191
10.224
12.217
9.341
12.512
5.540
13.071
13.092
9.270
8.510
3.917
8.302
13.201
7.618
10.690
16.120
11.829
6.200
6.747
3.437
9.123
8.256
10.498
13.298
7.572
4.040
3.523
6.876
9.071
19.284
14.933
7.956
10.910
8.753
10.496
17.058
5.787
18.664
7.855
15.491
21.749
8.340
17.218
9.661
19.555
6.709
11.311
25.131
24.197
15.710
14.390
15.454
9.418
10.300
7.294
7.998
15.681
20.546
4.369
7.082
9.999
14.630
10.227
27.012
3.563
17.252
11.447
9.368
15.533
15.631
21.632
12.294
17.334
21.107
14.859
17.012
22.805
27.788
22.316
27.617
27.866
25.552
22.620
20.045
28.425
21.392
26.321
17.646
13.759
24.358
18.157
19.397
29.177
31.765
15.794
15.801
17.972
29.713
17.172
9.941
15.774
13.341
31.914
16.042
27.024
29.518
29.705
18.225
22.280
10.650
32.231
30.359
25.332
25.997
29.868
30.305
19.917
14.964
33.512
33.145
32.775
30.785
32.344
30.520
11.255
14.481
12.889
29.967
33.164
21.667
29.768
26.085
29.144
29.189
27.148
29.300
16.747
29.797
16.724
14.144
21.340
12.681
15.528
15.073
27.887
15.515
24.584
25.105
24.975
30.599
25.656
23.621
30.783
29.595
25.304
14.080
23.555
9.543
23.527
5.524
27.602
25.131
29.562
29.340
26.395
13.526
3.246
10.020
14.920
14.940
17.974
24.865
27.329
28.124
23.021
24.802
27.474
25.097
26.247
25.796
25.514
26.040
26.164
25.648
24.382
23.515
25.938
25.676
25.626
19.973
14.814
15.791
18.317
5.573
12.417
2.970
21.610
14.336
6.119
16.161
9.045
21.141
22.607
22.450
21.902
22.125
10.475
14.329
20.928
10.881
10.232
13.097
20.235
12.244
2.334
12.411
18.952
15.293
18.838
17.835
15.861
16.337
11.710
8.034
5.581
11.455
2.932
10.917
12.591
1.446
2.370
6.126
10.693
6.517
2.786
1.594
7.316
9.346
13.331
8.796
5.938
3.382
6.559
8.791
12.008
11.357
12.851
11.018
11.947
9.594
4.064
11.366
8.715
2.494
1.652
9.844
4.008
6.199
1.329
10.325
2.464
5.552
6.267
6.102
6.564
8.643
7.807
1.296
1.456
5.958
3.508
1.294
1.196
7.854
4.067
1.471
5.782
2.128
1.798
1.522
5.848
7.165
2.234
6.987
5.456
6.958
2.940
2.790
2.642
3.792
4.491
2.195
1.175
2.327
5.591
6.197
5.338
4.849
2.632
1.666
5.177
3.933
6.190
5.132
4.580
6.335
6.668
6.504
6.344
2.385
3.575
3.606
2.048
2.606
6.538
5.399
6.348
3.702
6.145
2.874
3.940
1.675
1.163
2.955
4.776
5.021
3.657
2.586
7.743
7.798
7.994
7.814
7.713
4.147
7.887
5.813
6.719
4.152
7.075
2.453
4.525
3.285
1.871
8.479
8.519
5.014
7.224
6.185
8.336
4.457
6.315
8.712
5.225
7.923
3.092
5.399
4.495
5.715
10.025
4.275
12.584
6.158
8.419
3.677
11.163
12.740
5.577
12.514
3.548
3.846
8.370
10.481
13.816
12.172
10.239
9.743
13.848
5.563
6.488
6.948
10.898
7.433
5.987
3.140
11.467
8.954
6.024
12.850
15.367
12.557
6.471
8.910
11.078
18.003
12.501
8.235
13.766
10.575
13.461
3.743
11.925
14.368
14.619
10.058
3.683
10.235
21.178
12.311
22.029
13.485
12.113
19.892
8.688
7.710
12.461
12.302
9.395
7.408
15.375
20.034
10.181
19.499
18.682
14.701
6.145
6.828
11.322
13.999
27.197
27.169
7.557
20.898
18.212
17.850
18.172
18.753
26.785
23.294
22.202
26.160
24.661
5.275
5.033
6.847
14.729
17.028
29.430
27.809
27.645
20.688
11.437
25.533
15.789
8.536
31.555
23.752
25.611
18.032
15.970
14.877
9.460
24.930
30.938
30.470
31.393
31.394
26.025
18.493
18.791
7.565
27.739
33.064
11.902
27.458
16.540
6.041
2.057
11.603
33.289
25.615
28.720
31.142
13.326
27.795
5.667
9.269
30.340
32.457
29.046
28.211
32.705
32.624
32.603
30.296
17.975
20.611
29.503
9.335
23.213
31.898
29.729
25.622
31.032
28.548
24.440
22.456
30.711
14.912
18.078
24.194
9.443
17.512
4.196
20.015
13.275
22.713
3.523
20.188
30.513
30.542
29.887
27.295
24.724
29.871
23.712
28.141
29.101
29.254
25.994
28.701
25.282
11.703
4.588
17.363
17.168
16.716
12.088
2.350
16.704
27.669
26.936
26.993
26.895
23.272
24.765
25.891
15.117
8.754
18.298
20.572
23.564
24.132
25.391
25.339
24.565
17.766
22.551
16.484
6.115
5.670
8.161
23.100
2.788
2.966
8.453
9.475
10.050
16.168
17.274
12.394
18.419
19.821
2.461
7.152
9.347
13.394
15.820
9.988
15.972
11.481
10.120
3.001
11.786
2.433
5.600
17.228
18.847
11.093
5.627
14.845
15.903
17.343
1.602
14.471
15.413
11.374
12.403
14.522
13.737
14.928
15.686
15.282
14.564
14.440
8.417
13.219
14.020
13.434
6.488
3.044
13.003
10.960
3.466
11.122
12.153
12.130
11.526
10.943
9.899
11.202
7.165
10.541
10.393
10.183
7.740
3.851
5.479
8.627
2.657
7.361
9.014
1.689
3.204
5.582
9.107
8.623
8.391
8.388
7.269
7.504
8.146
7.684
2.158
3.628
1.963
3.669
3.713
6.961
5.894
1.682
1.970
1.635
1.570
3.023
2.508
1.252
2.812
6.691
6.562
6.384
2.830
3.200
2.137
6.463
6.425
6.291
4.528
4.087
6.428
4.017
6.112
4.344
4.125
6.665
5.854
3.274
5.531
5.952
4.271
5.493
3.683
6.654
6.744
7.059
6.844
6.817
7.169
3.776
6.913
5.304
6.185
7.341
4.168
4.647
7.629
7.213
6.287
5.006
7.962
7.355
6.314
2.489
4.131
6.655
4.077
8.105
3.593
3.072
4.407
9.479
9.206
5.914
7.778
9.831
10.405
7.355
8.969
4.957
4.544
3.740
4.121
7.992
8.225
7.764
7.183
6.536
9.355
7.427
10.012
12.319
11.983
6.106
4.478
12.562
11.803
5.497
10.044
7.047
5.622
7.417
8.471
5.234
6.595
9.255
13.462
5.407
6.673
9.112
6.584
13.920
9.012
7.360
8.169
18.073
16.927
14.776
5.935
9.155
5.427
5.482
5.449
4.540
6.261
8.907
16.005
17.309
22.118
22.672
21.966
10.946
20.860
18.435
19.797
23.542
15.365
23.434
25.303
24.038
7.412
8.862
19.214
16.486
7.993
11.941
8.597
7.071
10.358
18.035
21.178
18.950
4.912
11.747
26.026
20.446
5.766
7.022
23.564
19.781
9.494
12.777
26.961
9.167
12.281
7.134
6.085
17.447
29.159
26.739
12.686
22.298
26.253
27.019
23.411
20.360
16.289
30.807
30.113
28.177
30.079
8.754
12.815
28.974
19.594
15.232
14.778
20.365
11.975
19.322
9.698
25.628
26.469
27.732
32.187
32.393
28.242
29.706
11.303
29.822
4.607
14.960
10.267
9.022
22.704
20.489
31.994
32.670
28.817
22.712
32.166
31.997
31.588
30.718
26.622
31.834
24.996
23.357
6.795
32.492
30.624
4.348
26.136
16.649
24.643
18.976
16.628
21.278
25.060
18.333
23.353
31.539
30.951
30.708
4.099
12.029
12.051
3.589
10.428
24.070
13.797
18.520
27.317
31.612
20.440
26.803
30.809
24.378
19.572
13.113
21.314
23.710
18.907
24.677
25.327
22.964
19.174
27.157
13.777
11.918
4.401
3.484
18.902
13.854
21.071
3.494
4.292
4.295
21.050
27.526
24.421
22.916
20.681
26.727
25.558
3.718
21.013
17.271
13.935
18.432
19.000
11.349
15.910
14.039
20.111
17.870
4.374
20.343
14.711
19.613
12.289
18.827
11.900
22.621
12.055
9.726
7.710
20.333
22.386
22.077
4.140
21.089
21.496
21.684
14.480
19.032
14.055
5.369
4.405
2.788
8.377
7.592
4.784
12.465
18.915
18.639
18.314
17.976
16.249
7.843
7.562
6.137
9.653
15.809
15.174
9.402
6.825
1.682
7.572
6.042
12.252
4.816
2.491
13.485
13.059
9.969
7.726
6.965
9.365
13.088
4.665
12.009
10.190
7.472
11.649
10.530
4.186
6.966
1.512
1.800
3.797
3.589
8.264
8.401
4.858
6.037
4.456
3.095
9.065
2.469
5.240
5.603
2.352
3.581
0.643
2.245
7.276
3.029
2.876
7.832
1.689
1.338
1.164
3.454
1.845
0.742
2.650
6.211
1.946
2.875
2.496
1.771
2.034
2.495
2.149
4.201
6.565
6.405
4.093
3.274
4.841
2.888
4.192
2.974
3.028
6.393
6.341
3.750
3.270
2.595
1.813
3.359
2.782
1.791
2.143
4.576
3.948
1.366
4.591
2.947
6.403
5.509
3.333
4.294
3.620
5.535
3.362
5.152
6.087
7.780
5.411
3.982
7.632
4.170
7.741
5.210
8.117
8.003
2.484
3.654
2.495
2.353
5.179
4.306
2.152
4.215
9.318
6.716
5.557
9.230
6.819
8.569
4.003
5.070
5.700
10.418
6.426
11.246
10.445
11.823
12.028
11.975
9.914
11.276
9.142
12.831
13.297
13.454
11.083
10.491
11.194
13.170
12.461
14.932
15.399
15.320
15.360
5.021
6.995
7.904
14.247
7.708
8.079
7.066
15.428
14.103
8.552
6.727
15.715
11.483
13.501
14.074
17.356
19.749
19.511
19.758
20.712
20.933
9.211
14.342
10.103
21.565
9.756
9.154
20.286
14.248
8.303
6.844
11.311
3.827
10.476
17.468
18.989
12.591
17.078
24.755
11.579
14.893
20.279
10.915
22.336
6.606
15.189
26.275
18.419
26.065
6.912
23.799
22.257
16.994
20.053
27.848
26.289
7.998
25.904
7.460
19.161
23.317
16.752
12.959
19.543
27.338
28.992
29.425
29.315
28.266
24.175
15.622
11.071
14.585
12.577
15.815
28.942
25.071
25.668
28.838
16.838
7.612
15.590
21.346
23.021
30.849
23.768
25.637
7.967
26.195
18.158
22.397
21.917
31.463
32.144
32.259
23.110
18.229
20.061
14.009
30.131
23.968
30.956
31.349
30.924
31.652
30.187
30.669
24.592
27.575
22.897
15.257
29.556
31.566
31.668
23.326
27.975
28.128
30.352
30.598
19.535
29.558
30.090
19.567
19.465
14.381
14.851
22.941
28.799
31.906
31.892
29.714
31.052
31.208
29.619
31.031
31.220
25.169
28.371
16.867
23.858
31.032
30.766
26.779
25.945
29.638
14.859
27.406
23.426
25.749
3.838
23.334
29.859
19.945
20.798
28.519
28.247
28.498
28.327
28.105
28.532
28.299
27.829
22.818
28.043
27.612
27.454
11.559
24.561
25.945
24.861
23.406
25.434
17.408
21.543
16.748
24.801
25.927
25.008
25.694
25.430
22.378
9.635
15.089
4.072
12.221
9.195
24.580
24.217
22.774
12.292
14.258
6.127
11.925
12.226
13.852
2.972
3.331
20.507
22.242
21.998
21.314
20.902
20.620
20.726
19.355
20.114
4.140
6.764
20.010
18.760
10.956
17.038
3.382
15.929
7.563
13.128
9.653
16.377
2.062
13.653
7.065
10.395
1.461
8.033
15.826
12.286
8.529
11.225
15.488
15.297
14.845
14.291
11.473
9.348
4.431
2.264
4.061
7.898
12.840
12.691
12.078
8.586
4.560
4.213
3.962
3.494
9.910
9.950
10.666
10.263
10.119
9.040
2.302
4.696
6.162
5.334
8.934
2.121
6.415
7.440
4.456
3.888
1.896
3.617
7.964
6.818
1.974
1.550
2.085
4.825
2.666
1.947
1.311
3.745
5.334
2.122
2.585
5.217
6.540
6.614
5.595
6.521
6.729
6.500
4.631
1.804
3.868
4.441
2.186
1.789
1.875
4.087
6.114
6.093
5.061
1.659
2.489
6.278
6.688
6.176
5.986
4.348
2.804
1.690
2.840
2.221
3.552
3.679
6.700
5.639
3.177
5.117
5.401
5.827
6.540
2.590
5.956
4.166
1.757
6.809
2.733
5.889
3.292
2.455
7.098
2.074
4.042
7.073
8.706
8.025
3.809
5.497
3.158
5.812
5.794
9.751
8.891
9.719
9.101
9.947
10.173
10.726
10.093
5.031
8.116
8.995
10.884
3.690
9.686
6.430
12.141
8.063
8.389
12.983
7.428
6.833
8.772
5.074
5.328
2.960
8.537
12.357
10.055
7.239
9.191
9.897
11.796
11.672
14.852
16.822
17.329
9.344
6.313
8.397
12.611
13.532
7.723
13.121
7.513
7.652
9.530
11.528
20.212
12.104
8.623
7.286
16.445
16.508
5.077
8.522
10.041
12.249
17.765
21.378
21.877
21.552
22.402
12.394
7.718
10.719
7.866
19.980
11.626
17.340
19.905
12.824
18.255
16.090
14.487
10.519
17.810
13.413
12.516
11.759
21.143
5.322
16.934
26.902
11.922
24.550
9.246
10.044
24.443
7.756
6.981
7.444
11.198
26.185
24.432
8.642
16.853
16.387
10.598
18.582
22.269
17.103
16.776
28.696
15.556
5.913
21.159
25.901
3.735
30.585
30.841
17.121
31.413
22.631
8.099
18.561
32.482
32.407
30.500
18.089
18.374
30.463
32.255
16.865
14.917
19.737
11.583
13.818
21.083
21.457
32.463
32.346
32.350
29.950
22.391
22.737
14.369
23.965
22.360
8.314
28.764
26.770
14.989
5.972
19.990
14.133
22.030
23.187
22.434
29.535
24.708
22.758
28.131
31.777
15.031
6.927
15.904
11.294
25.521
17.421
28.671
26.982
5.022
19.365
22.249
15.393
22.738
23.266
16.259
30.306
28.036
28.458
24.426
28.537
19.919
29.787
29.042
6.090
17.457
24.319
16.574
30.442
30.661
30.094
28.605
28.813
29.211
28.677
26.244
23.081
26.824
18.717
26.261
28.091
14.410
9.781
20.646
16.631
13.290
19.242
26.439
14.804
19.112
18.701
5.276
5.721
19.264
25.524
12.032
5.206
6.402
23.392
16.394
15.966
19.632
5.593
6.682
24.224
23.361
22.930
23.553
21.047
22.958
23.369
22.961
22.157
14.254
3.316
9.463
17.974
3.424
5.134
18.453
20.852
20.550
10.142
19.239
18.445
7.566
5.409
5.017
7.269
14.384
14.016
16.545
15.710
10.254
16.747
15.744
16.381
16.433
16.316
13.163
14.092
14.256
6.741
1.543
5.797
14.447
13.820
10.168
5.630
11.292
13.794
6.925
11.246
3.008
7.481
12.326
12.631
11.916
9.286
3.129
3.273
2.165
7.987
2.453
2.825
9.688
6.861
9.264
4.151
5.374
3.577
4.810
6.201
2.918
6.815
8.580
3.412
4.966
8.196
6.573
6.025
7.925
2.888
5.711
8.211
6.116
4.032
6.751
7.312
7.377
5.561
6.675
2.994
2.791
4.045
2.122
5.024
5.715
3.184
5.914
6.269
6.048
6.509
6.401
6.386
6.398
6.356
6.397
6.218
3.196
4.346
2.753
1.320
6.610
6.529
6.431
4.538
5.818
4.213
1.479
2.980
2.982
2.905
6.510
6.540
5.081
6.356
3.931
6.685
6.848
3.141
6.561
7.207
2.850
6.982
6.364
3.991
5.219
5.940
7.734
7.892
7.562
5.517
4.124
2.028
1.561
4.756
4.391
4.695
5.473
5.410
7.108
8.140
7.232
9.932
7.114
2.857
5.227
4.130
6.869
10.899
9.963
11.009
11.081
11.240
10.541
4.439
4.009
7.729
5.982
6.811
6.135
9.928
9.813
9.299
6.325
6.908
9.161
8.912
11.112
13.196
12.532
9.968
15.587
16.349
14.017
10.659
13.066
14.660
12.266
14.308
10.231
7.912
10.240
18.639
14.657
19.143
10.811
9.575
9.160
12.489
15.705
5.445
4.482
7.713
16.259
9.666
14.283
10.308
10.061
9.385
5.870
15.354
9.694
17.497
22.823
24.070
17.230
23.178
24.380
23.784
13.466
10.165
7.013
14.567
11.987
14.088
18.176
22.179
25.555
12.733
25.148
18.396
10.917
7.282
16.817
25.955
19.974
20.884
13.133
24.443
20.263
27.814
17.635
28.194
23.519
22.656
14.405
24.630
11.400
17.298
19.327
18.554
12.331
8.140
28.176
30.469
19.813
23.780
20.998
22.719
11.769
4.600
27.733
31.301
28.375
17.374
18.203
13.596
31.786
27.548
28.765
23.151
29.634
30.303
25.901
26.483
22.606
28.454
8.569
16.938
19.320
9.623
25.805
20.012
31.647
25.650
15.806
25.861
18.414
14.220
22.217
24.204
14.162
27.820
32.823
31.982
28.713
32.070
29.441
27.745
24.086
32.001
31.738
21.286
20.983
8.438
13.351
31.233
28.358
6.548
24.836
4.139
24.700
24.125
16.034
2.904
13.838
30.503
31.791
22.589
20.390
31.257
21.937
23.533
30.688
23.746
29.308
18.449
22.380
21.392
19.632
28.399
29.190
28.094
24.844
3.053
12.410
25.603
13.477
9.430
28.944
18.312
15.329
23.139
28.576
17.556
13.254
27.742
13.140
12.065
10.942
2.857
22.846
26.010
23.211
2.054
3.103
4.396
2.342
22.057
24.219
3.365
21.262
9.439
23.766
20.721
21.420
23.942
23.652
21.634
22.083
17.465
23.930
20.868
22.488
6.393
14.401
16.937
18.970
18.726
21.172
20.300
20.053
2.101
3.858
3.837
5.971
14.240
12.864
14.295
19.073
16.781
15.693
6.226
14.531
7.866
14.171
9.584
1.676
4.450
7.247
4.570
14.413
13.278
5.485
12.876
12.382
15.672
15.662
15.140
15.114
14.054
14.490
14.697
13.305
11.927
5.640
10.059
11.600
5.861
12.385
9.545
11.610
11.906
11.917
11.886
11.671
11.207
5.004
9.463
8.227
8.498
1.317
3.605
7.604
9.695
9.588
9.220
9.190
9.266
8.686
8.924
8.420
7.873
8.328
5.252
5.599
8.057
2.116
4.611
6.492
6.010
2.884
3.756
4.093
6.539
3.431
4.396
6.979
5.874
1.759
5.484
3.284
2.523
3.965
5.966
3.955
6.648
6.619
5.042
2.758
3.953
4.692
1.869
1.966
4.172
4.911
5.095
5.218
3.281
2.552
6.216
2.607
4.459
3.908
2.609
5.426
6.760
3.926
2.636
1.971
3.053
4.050
5.618
5.958
6.434
6.453
7.159
7.283
7.396
7.377
7.725
7.720
7.949
7.877
5.960
2.291
7.086
8.168
8.233
4.214
8.984
9.042
6.994
7.967
7.203
6.127
4.130
3.471
9.380
10.306
5.860
9.026
10.603
10.629
6.344
5.638
9.308
9.622
7.139
8.745
12.171
12.283
12.291
5.382
4.757
12.296
4.180
8.351
10.712
13.456
6.799
10.179
8.106
6.596
9.905
13.316
12.412
13.108
15.561
9.283
7.282
6.347
10.920
8.173
10.685
7.227
13.755
10.958
10.497
18.235
14.362
11.408
11.683
14.768
12.077
10.675
11.772
11.715
8.290
10.261
8.853
11.180
8.513
6.339
5.790
22.128
12.994
13.229
12.056
14.541
20.015
23.417
12.051
15.873
24.531
14.300
12.459
12.005
9.863
15.867
18.337
17.056
12.094
17.870
23.479
10.909
19.951
24.398
18.598
17.781
20.938
22.032
16.017
25.646
10.898
7.889
6.534
23.706
22.843
20.054
27.405
22.871
11.129
13.932
22.359
11.165
8.420
20.254
28.944
23.919
19.547
10.194
26.427
28.728
24.660
19.019
16.984
9.960
9.357
17.930
4.507
6.829
24.012
28.043
19.133
16.031
11.708
14.846
27.720
21.903
19.875
12.267
10.077
23.419
19.144
27.494
31.165
29.859
29.786
32.008
28.367
32.379
33.059
32.018
24.584
28.055
30.236
30.318
22.712
23.965
26.805
21.830
29.384
28.891
31.238
31.419
27.012
6.389
24.159
32.492
31.921
30.802
31.323
25.621
30.217
16.250
17.479
26.692
28.445
31.084
28.652
29.044
31.024
31.249
31.798
31.696
31.239
30.791
30.638
30.103
21.023
27.990
27.001
29.967
27.939
28.507
25.141
20.630
25.771
25.540
9.430
14.836
4.439
5.419
19.589
13.415
4.840
25.589
5.823
24.016
19.724
4.714
20.252
13.692
25.514
15.344
15.849
23.539
24.996
5.881
21.452
24.716
23.190
18.344
21.124
15.581
24.770
16.712
17.901
5.338
24.124
24.388
21.542
11.551
23.077
23.138
17.863
21.284
15.777
23.562
22.432
21.478
22.376
21.964
18.387
4.915
14.719
15.981
13.489
4.743
17.723
16.017
20.107
12.629
19.589
14.647
1.987
5.417
9.229
16.499
12.154
12.085
7.307
3.659
1.608
9.857
16.579
3.170
16.525
16.345
15.901
15.705
13.896
13.903
3.583
14.637
14.686
14.394
12.786
12.373
7.256
9.432
9.152
3.236
2.567
10.859
11.373
11.688
9.607
1.696
7.983
9.879
3.355
11.197
2.756
9.235
8.512
9.447
10.095
9.727
4.339
7.003
5.374
1.993
7.088
5.018
7.916
3.719
6.222
5.396
7.701
4.045
3.885
2.374
6.773
4.291
1.827
4.030
6.444
6.350
2.795
6.089
6.974
6.924
5.808
4.728
5.286
2.217
1.820
1.211
0.603
2.471
6.449
4.300
6.350
6.193
6.330
4.375
4.075
2.186
3.337
6.330
5.136
6.421
6.308
6.181
6.351
6.291
5.851
6.414
6.132
6.068
2.954
2.936
2.173
2.066
3.114
3.595
2.930
3.615
4.822
1.273
1.947
5.806
6.216
4.890
3.571
7.536
5.258
5.123
4.226
2.420
4.551
5.625
2.377
4.202
5.284
6.906
5.524
3.280
9.217
3.910
9.352
4.351
3.103
5.982
4.121
10.369
5.437
5.043
7.466
5.645
11.291
8.403
8.741
5.050
4.771
11.011
3.940
9.930
5.901
13.168
6.589
5.705
5.458
7.190
6.661
5.099
6.107
9.615
11.675
5.673
7.445
10.497
5.286
13.622
6.721
4.150
9.051
4.471
14.212
6.851
15.632
8.656
8.822
7.414
8.621
10.351
9.536
12.370
4.433
6.174
12.327
14.741
9.971
9.381
16.446
13.011
18.846
14.910
15.210
14.560
12.339
9.300
9.079
14.629
7.222
17.319
10.791
16.480
15.701
19.716
24.626
22.135
8.970
24.577
25.863
25.899
24.877
25.625
18.947
26.680
27.213
27.120
27.571
27.638
18.273
26.499
10.955
16.580
27.967
28.419
27.189
6.147
21.185
26.287
11.940
25.245
7.752
27.891
28.949
20.306
29.850
26.712
28.517
6.373
28.878
3.883
28.900
9.492
25.153
30.972
30.553
29.175
29.451
30.024
18.447
22.375
29.780
24.825
24.673
5.102
18.717
20.375
10.044
8.222
23.258
30.276
19.724
22.885
24.370
16.344
29.228
29.567
15.011
17.196
21.229
25.183
23.639
22.913
19.411
20.525
28.168
30.977
20.074
23.186
13.245
9.920
29.995
23.653
17.366
15.008
28.857
21.199
27.073
10.508
14.977
16.138
29.406
13.427
29.869
24.988
2.552
22.785
22.759
25.729
25.916
30.652
31.790
31.771
29.594
26.067
30.308
29.114
29.097
10.461
29.154
24.617
30.123
16.760
20.104
20.653
19.015
12.600
29.588
29.571
25.855
5.610
26.444
29.545
28.092
26.156
4.268
22.784
10.201
9.753
24.239
22.210
16.134
21.002
9.606
2.488
15.819
14.639
5.094
9.272
24.422
19.187
20.513
22.827
25.323
23.033
23.229
7.808
2.316
22.253
11.962
21.108
22.642
5.039
4.465
5.633
4.617
5.345
3.883
18.351
4.194
18.068
21.759
19.873
11.660
15.186
8.051
2.223
17.015
20.496
20.375
19.955
19.527
19.545
6.214
3.622
13.930
10.623
9.420
15.696
17.435
16.661
16.976
11.160
15.760
4.298
17.055
16.838
13.522
5.684
15.783
14.921
10.595
14.994
14.741
14.657
14.373
3.766
6.475
8.365
6.620
6.094
5.387
7.068
6.963
5.123
2.963
7.897
11.117
2.308
2.778
10.934
10.676
10.038
1.709
9.113
3.054
3.693
5.369
3.451
2.877
4.665
5.004
9.105
3.836
5.764
6.504
6.973
5.277
8.127
5.629
6.468
2.700
2.206
1.358
3.545
2.374
3.765
6.649
3.787
3.968
3.413
5.997
4.179
1.590
2.261
4.600
1.879
2.066
3.748
3.785
2.759
2.836
3.512
5.516
6.376
3.846
6.320
6.251
6.318
6.253
6.329
6.250
4.991
6.133
6.325
5.905
6.320
5.877
6.656
1.638
2.702
4.822
5.324
5.005
2.997
2.776
4.535
2.343
7.192
3.652
4.915
2.263
2.677
4.116
3.928
3.179
3.338
4.343
7.104
7.044
7.334
6.503
2.181
8.318
6.235
6.874
9.006
4.816
4.795
8.892
4.264
6.225
5.514
3.488
6.970
5.299
7.802
6.785
6.543
11.182
11.032
11.383
11.799
12.077
8.045
10.088
9.175
13.032
13.000
13.181
6.168
7.637
6.674
4.826
4.133
6.034
5.912
5.779
7.049
11.905
6.918
3.461
9.134
5.005
6.640
8.168
16.748
5.908
8.376
8.146
9.243
13.503
11.090
17.395
7.136
8.738
2.966
13.486
13.268
19.373
12.104
8.075
19.965
6.926
15.325
11.811
14.731
15.891
12.438
16.700
13.811
16.531
11.533
6.578
10.380
12.848
21.101
5.584
12.948
15.512
10.463
6.208
5.852
10.690
17.617
14.715
11.721
16.601
15.978
11.980
9.857
7.380
10.051
4.254
5.942
8.665
9.740
14.547
8.538
7.560
8.803
7.150
9.085
26.549
12.409
17.910
26.786
16.827
21.667
26.799
25.299
28.609
18.552
29.852
30.526
29.683
29.682
21.327
16.003
6.549
11.654
4.920
8.669
5.862
15.665
27.197
22.123
28.406
31.699
30.140
28.047
28.983
20.485
25.437
31.020
23.820
13.677
6.708
9.977
7.912
21.956
21.757
25.855
25.539
14.786
8.063
14.934
17.288
11.152
13.367
19.872
19.754
22.695
21.022
26.509
29.918
28.461
27.182
25.990
16.492
21.273
27.154
30.666
22.784
18.511
28.003
8.130
32.048
22.955
15.701
20.443
27.538
30.637
30.691
16.207
12.600
2.649
26.168
31.204
6.178
18.538
23.569
14.438
15.973
8.268
6.384
29.763
29.831
27.211
20.943
24.323
24.696
28.329
26.589
18.059
22.182
20.670
20.116
25.573
26.449
27.593
6.267
21.397
27.801
21.427
6.324
3.385
19.891
10.433
12.948
19.377
23.728
25.949
5.410
13.532
25.317
2.497
25.554
19.806
19.914
23.408
19.469
21.101
24.563
22.948
8.028
19.780
19.677
17.512
16.483
17.033
2.315
14.678
22.656
11.387
14.379
10.631
5.469
2.349
5.639
12.706
21.521
20.844
15.606
19.429
15.278
15.215
12.770
14.339
9.028
9.905
17.552
16.178
18.591
11.206
11.636
1.770
1.876
9.346
17.057
16.582
9.044
13.250
15.590
14.030
15.158
15.212
13.392
14.109
11.064
4.155
8.450
12.405
4.574
13.595
12.673
7.806
3.299
7.095
11.792
12.317
7.845
6.580
2.572
4.694
3.471
8.923
10.409
8.488
7.446
8.451
9.211
6.892
6.679
8.519
9.007
7.466
1.890
3.860
5.274
8.397
8.274
4.819
4.016
4.642
7.872
2.692
2.563
7.872
6.570
4.496
5.287
7.244
2.624
4.155
5.329
2.635
4.635
6.289
6.189
3.231
5.180
3.415
6.482
6.320
3.685
1.928
1.537
3.042
3.980
2.711
2.298
5.238
2.277
2.851
0.957
0.617
2.852
4.904
3.679
4.069
6.573
5.626
6.423
6.399
6.671
6.409
2.604
5.487
6.993
6.683
6.113
5.600
5.552
6.917
7.358
7.289
7.266
7.318
7.520
2.226
3.939
7.608
6.848
3.147
4.213
1.057
1.936
5.736
2.358
7.028
8.237
8.997
3.549
5.250
4.788
8.845
8.768
6.991
3.535
5.768
10.094
5.475
6.308
9.797
4.101
11.098
6.793
4.205
6.118
5.955
6.994
12.134
10.570
2.526
12.919
12.880
7.676
6.949
7.463
5.306
3.565
14.871
10.515
7.835
10.987
10.818
7.085
7.918
12.284
3.759
5.213
8.091
16.500
13.687
11.100
9.106
10.989
4.480
16.944
6.817
12.138
15.364
19.968
12.963
13.511
16.305
21.013
18.956
14.216
9.956
14.798
10.976
6.710
3.849
8.630
12.444
17.064
14.889
21.996
18.090
17.519
19.329
23.500
24.372
24.627
24.675
25.701
21.954
22.633
24.776
26.250
14.431
22.796
19.159
19.589
21.219
11.272
25.990
15.901
27.129
27.659
22.220
13.229
19.220
5.717
8.188
27.509
20.023
20.088
11.883
17.387
22.165
28.304
19.967
17.531
20.139
26.981
12.178
27.843
18.819
24.856
8.620
27.533
19.911
14.501
26.490
21.380
25.099
31.148
28.662
19.184
25.167
9.033
28.942
26.038
29.967
27.556
30.521
17.716
27.556
27.046
27.660
9.667
20.452
18.323
22.527
15.734
28.036
29.660
28.948
31.535
12.534
4.172
28.172
29.014
3.283
14.069
22.870
14.233
6.293
11.955
26.755
22.888
21.015
22.517
21.245
22.625
29.380
26.601
31.226
23.839
30.665
17.354
13.652
31.917
21.215
12.881
22.125
14.584
22.887
18.220
20.360
25.885
30.658
6.483
18.416
15.704
29.495
24.047
29.494
4.578
21.986
28.637
29.973
20.634
29.428
14.400
20.460
19.048
29.051
16.992
5.178
26.896
28.642
27.362
11.002
7.687
11.179
24.844
18.691
23.439
26.390
26.915
26.700
25.370
25.394
25.904
26.110
24.771
6.457
24.951
25.515
24.074
21.437
20.792
22.237
1.991
25.044
23.507
23.593
14.419
15.364
7.109
23.747
21.584
22.714
23.126
18.940
12.952
12.306
7.747
6.832
3.111
19.459
9.689
15.802
18.983
17.173
18.494
17.789
16.772
17.592
12.342
14.377
8.323
18.304
17.101
17.519
17.945
16.607
10.651
17.308
17.145
13.286
15.375
15.174
10.769
13.582
4.592
9.985
3.881
3.130
14.025
11.589
10.335
3.749
7.391
14.276
14.084
12.880
1.968
5.511
5.586
10.677
5.271
10.231
11.438
11.620
11.486
10.740
9.569
3.505
6.180
2.117
3.407
7.063
9.632
3.529
5.670
4.544
6.680
8.615
8.466
5.396
5.941
2.352
4.226
2.940
8.448
7.625
7.177
7.506
7.517
4.361
7.435
4.658
4.961
6.413
1.815
2.906
2.845
6.351
6.709
1.254
5.934
5.453
1.470
2.005
3.248
2.442
1.659
3.550
3.512
4.997
3.872
4.291
4.938
6.431
4.014
6.420
3.899
1.984
2.535
0.806
0.588
5.894
5.155
4.180
5.276
3.627
1.488
3.941
2.579
6.810
6.086
6.240
2.830
5.445
1.626
1.802
3.199
3.506
4.893
5.194
6.512
7.443
7.799
6.163
4.517
7.912
8.342
4.111
7.460
8.793
7.882
6.260
4.473
8.375
4.168
6.331
4.789
7.862
10.114
9.751
4.237
9.672
6.357
3.610
8.792
11.300
10.372
6.266
7.769
8.596
11.743
11.128
8.199
12.102
7.553
7.685
6.358
5.213
14.085
9.986
11.248
4.293
7.617
2.830
15.363
8.958
15.465
13.378
13.887
7.280
9.346
7.428
11.971
17.356
12.335
11.045
7.258
17.396
13.224
16.471
9.557
7.709
18.914
18.239
19.146
13.519
10.838
7.262
20.430
15.402
15.948
11.905
19.650
17.403
13.692
11.531
16.079
6.110
19.381
18.023
10.643
8.886
24.140
20.587
16.000
23.919
9.144
19.479
18.788
23.194
10.546
20.900
22.370
17.553
17.403
20.288
26.835
27.491
24.410
11.277
20.785
16.425
9.661
15.398
28.340
24.567
17.746
14.285
8.225
5.679
14.079
12.906
20.948
11.154
13.015
17.726
15.857
19.167
15.393
19.549
15.980
7.981
8.556
8.392
13.310
27.372
7.574
16.349
23.637
31.430
31.923
24.795
17.228
9.503
22.731
16.335
20.679
13.278
6.870
4.856
6.590
25.788
32.827
20.333
11.643
23.549
24.899
28.616
31.866
30.924
23.233
10.640
15.144
11.871
29.371
16.409
9.019
6.600
5.598
13.583
31.225
33.143
32.764
32.353
32.906
32.969
33.165
31.454
30.147
31.585
32.159
29.829
22.135
22.166
30.143
31.807
31.696
31.042
30.877
28.279
25.524
30.043
30.021
29.890
29.125
18.149
27.966
28.795
29.500
29.880
28.153
6.459
15.524
24.874
22.071
26.346
10.548
19.342
29.694
26.540
19.065
21.582
16.665
4.848
4.895
22.420
23.066
27.369
26.523
15.113
6.227
5.727
24.317
23.471
12.166
9.525
10.029
14.580
21.166
25.745
25.984
23.456
17.752
23.271
24.956
7.030
6.410
17.291
18.817
3.718
24.107
24.297
18.104
22.626
21.337
21.017
10.225
17.638
10.393
15.073
21.457
21.018
3.364
18.842
18.272
8.212
5.789
1.766
16.884
20.303
20.069
19.154
19.500
17.729
5.865
6.156
3.920
13.348
14.702
13.717
11.877
9.901
13.773
6.167
9.684
16.148
15.306
7.790
11.575
15.904
16.299
16.028
13.555
14.920
15.164
2.639
4.471
5.688
13.860
8.106
13.774
12.387
5.169
4.225
1.398
11.777
12.168
11.233
11.632
11.070
6.336
6.587
1.540
9.184
10.029
10.166
10.012
2.641
1.588
9.262
7.873
8.085
8.012
8.519
6.804
3.684
0.857
4.880
6.383
3.304
4.172
5.499
2.722
4.426
4.290
7.469
1.671
6.987
2.537
5.133
7.231
1.998
2.563
4.197
4.748
4.681
2.162
3.632
1.532
2.988
2.130
2.537
2.575
4.733
4.606
3.665
5.744
2.955
5.468
5.109
4.750
3.472
2.358
2.518
0.633
1.160
4.029
6.069
4.022
3.686
6.208
6.365
6.676
3.787
4.851
6.203
7.016
5.280
2.267
3.815
2.821
2.656
4.093
4.190
1.627
6.502
3.420
7.589
7.699
6.628
2.694
4.822
4.846
6.411
8.843
4.222
5.464
7.170
9.044
9.533
9.285
9.597
9.987
10.284
10.399
9.524
9.211
10.854
11.031
11.445
8.826
5.926
7.304
5.019
5.260
6.131
11.031
10.298
7.755
9.820
10.963
9.599
8.899
9.834
9.190
14.478
14.331
7.520
15.381
5.625
9.428
15.591
16.236
12.918
14.560
11.623
17.160
17.859
17.334
16.997
17.468
13.764
10.474
9.096
9.603
6.622
6.041
2.175
6.353
8.829
20.974
21.350
20.701
14.934
21.822
14.133
14.193
13.057
11.720
23.129
23.113
20.000
15.989
23.326
23.784
9.249
22.681
19.722
24.051
19.008
24.314
25.095
25.388
13.996
16.169
17.964
22.794
25.951
26.987
18.929
25.400
27.428
25.263
27.775
25.720
15.946
27.287
26.061
18.066
22.172
20.420
26.624
28.214
23.321
12.681
25.714
30.241
28.508
28.644
30.346
30.488
28.121
21.891
16.772
23.014
14.378
9.534
20.013
24.440
26.612
31.122
28.785
23.955
24.787
23.631
31.356
21.352
30.178
3.995
22.709
31.909
31.722
27.952
8.029
18.881
27.020
29.559
30.566
26.804
21.134
20.896
13.037
14.687
5.157
21.063
11.901
24.722
24.370
20.311
21.335
4.373
20.142
20.554
25.635
21.503
7.514
5.357
15.804
31.617
33.068
33.141
32.699
14.117
26.080
30.501
26.039
29.553
31.668
29.867
30.903
28.218
29.040
31.008
30.541
29.337
22.619
3.578
15.265
26.194
22.198
7.377
23.070
5.368
19.943
28.347
10.835
9.070
18.593
22.510
23.098
13.330
26.455
22.249
26.407
23.842
29.820
23.056
22.440
25.896
26.057
4.700
1.432
20.712
20.742
27.140
19.857
25.221
26.703
7.640
22.175
20.386
24.306
19.176
24.033
26.435
25.801
26.302
25.553
25.839
25.652
2.863
25.362
22.359
13.856
21.397
17.154
15.813
23.832
15.500
3.688
20.498
15.213
8.807
19.279
22.275
22.381
17.634
21.972
19.876
18.574
20.787
18.265
3.334
6.621
9.506
20.470
18.669
20.035
19.685
18.276
18.931
12.905
18.705
18.190
17.835
17.924
17.761
17.803
17.670
17.213
16.880
3.769
4.538
13.277
1.476
7.588
15.355
8.970
13.590
15.466
14.741
14.597
14.660
9.907
6.479
13.972
13.842
13.527
10.598
3.849
3.286
12.258
11.552
11.571
11.314
11.432
10.999
10.779
10.314
6.250
3.289
5.669
8.390
7.882
8.726
9.627
9.428
9.409
9.453
9.204
9.001
8.814
8.695
8.630
8.498
8.019
8.072
7.679
7.382
7.836
7.651
7.114
7.387
6.900
7.091
5.312
6.750
4.597
2.390
6.214
3.812
2.885
1.303
4.238
5.989
5.546
6.267
3.806
5.395
2.881
3.401
1.472
2.618
3.884
4.273
2.869
3.683
1.310
3.827
2.565
6.299
5.597
6.331
6.472
2.008
1.848
1.320
2.438
1.951
6.037
2.859
1.560
1.409
4.896
2.053
4.605
2.091
7.116
7.650
3.181
7.328
7.946
8.041
7.438
7.997
3.193
1.813
2.499
6.921
5.339
3.859
9.129
9.131
5.828
4.431
7.361
8.877
9.319
6.654
5.397
8.796
8.655
9.955
11.059
6.435
11.157
8.204
9.981
8.762
8.697
11.476
8.250
3.963
7.493
8.286
11.947
4.345
8.760
14.140
13.072
7.807
6.900
3.933
6.433
12.489
13.800
6.802
15.628
10.673
9.963
5.213
3.812
11.451
17.633
13.214
13.527
17.880
9.777
9.569
12.892
18.321
19.885
20.271
19.462
14.869
5.827
21.204
18.773
21.267
21.499
21.344
16.368
22.446
22.556
22.453
16.611
6.551
19.501
19.697
23.451
21.143
21.125
20.210
21.757
8.514
10.596
23.880
23.869
7.480
24.236
15.075
12.205
10.316
11.869
24.867
19.155
26.701
21.329
28.345
11.813
19.051
7.942
28.571
19.782
26.625
28.816
24.273
23.035
26.488
24.665
20.422
25.116
21.280
13.989
25.826
26.581
27.686
29.647
29.278
18.521
23.816
32.031
31.197
10.530
32.243
24.999
31.062
18.655
21.667
19.466
22.357
30.852
27.082
32.511
28.074
29.563
29.323
31.464
29.100
16.294
25.036
17.826
11.316
21.704
8.328
29.994
16.193
5.199
7.173
15.499
5.919
23.035
25.517
30.365
32.628
32.062
31.930
29.345
31.780
31.631
23.862
15.281
22.213
11.382
17.178
18.360
30.346
23.772
32.390
31.981
27.414
27.932
30.778
28.572
27.485
22.929
28.598
27.810
22.338
18.509
7.474
12.157
8.240
17.162
23.893
30.604
27.630
20.643
4.949
7.836
23.246
29.701
23.738
29.546
29.288
30.253
28.939
23.914
7.771
21.936
28.630
25.881
12.303
23.554
26.442
27.410
17.367
19.809
22.460
26.327
20.448
27.552
20.608
23.982
19.700
16.745
26.935
26.837
26.916
26.522
17.092
20.974
23.784
21.110
18.716
5.696
25.765
24.817
23.372
16.289
4.808
12.310
18.109
16.045
12.613
17.705
13.500
23.363
23.684
22.699
16.542
19.291
3.636
9.035
21.403
19.225
21.439
18.005
20.043
3.290
20.475
18.885
9.370
12.685
9.755
18.012
5.046
9.881
17.895
5.254
11.806
12.210
7.448
14.855
8.812
15.690
13.594
3.486
15.765
4.154
5.193
12.343
12.704
12.748
10.745
1.013
11.916
11.565
11.045
13.889
13.573
13.098
12.643
12.939
12.205
12.387
8.050
2.092
4.368
8.659
8.285
6.305
2.963
5.938
3.064
1.976
2.806
4.780
7.116
4.972
9.661
3.182
0.762
3.013
5.464
8.811
9.106
8.951
8.816
7.572
6.686
7.856
8.100
4.230
7.171
7.120
7.204
2.391
4.378
1.173
2.620
4.672
5.396
4.682
5.166
1.548
2.735
2.894
4.192
4.371
5.931
3.065
3.833
6.330
6.149
3.365
1.159
4.730
4.061
2.075
5.791
5.328
2.292
4.516
4.111
6.067
1.881
1.421
3.664
1.438
6.224
6.200
6.212
6.298
3.946
3.634
2.000
1.820
2.176
4.236
5.535
6.712
5.475
3.743
6.027
5.901
3.957
5.731
3.620
4.256
6.052
7.666
4.029
4.285
3.991
9.018
5.717
5.391
9.466
8.600
3.944
4.452
7.010
9.044
4.302
2.659
7.065
3.234
7.000
10.527
6.929
9.503
7.137
11.958
8.969
6.252
9.305
11.467
4.685
9.479
10.291
12.607
9.887
6.998
8.690
10.232
10.950
5.807
13.330
12.192
6.189
14.622
13.278
13.699
15.743
15.947
15.284
6.132
6.568
8.238
6.196
13.808
16.252
12.689
6.252
12.556
15.048
20.198
15.421
6.265
18.735
12.700
12.838
17.124
8.051
12.390
11.721
9.037
14.641
21.531
10.258
12.398
11.756
23.091
16.854
13.933
20.635
13.000
14.713
14.991
15.726
20.262
21.826
11.437
4.461
24.687
12.780
19.459
19.821
22.054
26.374
8.062
7.014
26.060
9.486
21.597
27.226
28.473
17.725
12.590
27.862
8.460
23.315
21.191
18.094
27.864
29.294
26.461
19.152
17.593
28.024
21.196
5.984
9.736
20.090
20.495
28.906
23.422
12.141
22.281
31.640
14.513
27.034
25.517
24.142
23.221
13.986
17.494
19.471
25.147
25.494
14.329
13.304
6.300
8.714
4.595
17.912
28.649
31.450
31.344
29.217
28.768
25.584
17.213
18.416
27.913
32.712
10.530
22.269
31.012
27.048
31.948
32.426
32.235
22.773
27.731
20.514
8.236
24.794
23.109
25.365
19.567
13.921
25.827
21.911
26.960
17.392
23.694
23.469
30.762
25.187
23.622
25.984
21.519
28.529
30.501
31.724
31.943
31.186
31.235
31.317
21.715
26.998
21.365
30.484
30.476
29.182
18.202
25.341
27.832
29.409
29.443
17.210
22.918
29.432
29.747
29.432
29.263
21.508
28.005
28.829
27.758
22.521
13.955
27.672
22.864
10.567
20.569
19.104
25.312
21.697
20.249
26.480
15.546
21.286
26.619
26.105
14.586
20.813
15.950
13.187
21.806
15.054
19.663
18.798
21.696
19.201
18.240
23.793
23.894
23.433
19.959
21.714
18.254
10.881
12.898
19.161
7.908
16.179
17.145
11.859
11.145
15.142
6.572
11.632
20.610
16.502
19.661
20.163
19.891
19.168
4.794
13.041
15.028
11.973
3.233
15.684
16.272
15.729
6.717
4.773
3.718
7.321
11.855
2.634
3.087
10.055
4.702
8.548
6.436
14.079
5.473
9.953
14.213
12.993
4.447
10.722
7.327
6.369
10.884
11.349
11.771
3.350
5.209
1.440
3.098
6.224
8.376
4.034
0.565
6.052
3.221
0.963
9.788
8.103
1.336
4.521
7.557
7.474
3.196
2.808
3.528
3.473
5.450
3.515
2.551
5.141
3.913
7.579
3.057
3.084
7.278
4.958
7.338
6.499
7.161
4.526
7.301
7.144
7.080
6.971
6.869
2.748
4.908
6.278
6.172
6.251
6.428
6.417
6.501
6.350
6.243
6.253
6.371
5.063
3.878
2.710
6.101
3.441
4.482
2.767
1.658
1.215
6.242
2.988
2.068
6.455
6.446
