19910101
2.939
1.686
1.960
2.827
6.523
6.104
2.790
6.254
6.148
4.217
2.432
2.068
1.640
4.032
6.526
7.588
7.908
7.986
8.138
8.075
7.863
8.238
8.774
8.540
6.112
8.838
8.948
9.383
9.375
9.664
9.764
9.034
9.924
9.434
6.451
7.474
7.184
10.522
6.671
9.382
5.285
10.776
6.269
9.715
10.182
9.702
4.783
13.290
10.608
6.233
6.132
7.939
7.375
8.763
6.930
6.756
6.400
6.411
8.252
11.149
7.745
7.837
8.232
6.407
7.388
6.129
7.655
9.890
5.260
14.586
6.729
17.449
17.215
15.121
13.157
18.909
6.120
13.706
12.216
13.520
7.454
12.182
12.610
16.945
6.679
10.334
14.781
17.732
15.611
17.381
20.870
19.314
7.658
12.969
16.393
7.802
21.245
20.069
13.762
25.197
25.580
21.971
12.989
21.552
11.498
6.105
7.080
10.566
19.331
25.440
13.253
16.376
14.355
18.741
23.470
26.160
24.216
22.937
12.086
19.479
20.206
8.872
8.216
9.741
18.653
14.860
12.919
20.462
20.838
24.408
7.182
5.754
18.853
21.901
7.553
18.196
16.176
7.563
14.764
8.937
9.672
11.167
6.324
13.068
23.574
6.883
24.324
14.372
13.425
15.942
25.917
9.686
17.084
8.918
8.066
20.689
9.360
8.876
7.150
22.482
7.074
18.166
10.732
12.836
11.051
29.362
22.639
3.219
23.097
13.896
26.603
29.780
17.363
24.904
18.556
14.131
23.744
4.527
31.146
29.024
31.692
32.053
32.581
28.744
30.741
26.604
31.266
27.486
24.538
15.471
25.224
22.140
23.040
20.451
3.912
21.379
26.748
12.634
26.103
15.712
8.539
15.804
20.816
26.147
18.851
3.246
18.672
4.635
16.567
23.564
29.401
13.594
5.753
4.081
4.289
16.162
20.660
28.214
28.898
27.720
24.827
16.166
19.389
21.417
26.886
18.466
26.869
27.000
26.655
19.764
22.253
22.877
25.978
25.893
14.549
19.146
22.859
24.609
18.527
23.414
23.824
25.216
24.802
24.140
17.472
20.696
23.650
23.510
23.159
15.838
20.040
22.664
22.781
16.208
13.808
12.378
17.302
12.932
19.145
10.626
20.107
20.127
16.979
18.742
15.874
12.852
19.199
18.810
8.000
3.470
16.939
5.222
6.047
10.874
12.209
17.070
17.118
16.637
11.072
14.048
8.747
15.517
15.676
15.026
4.677
12.631
11.291
10.147
11.046
7.476
4.652
3.725
5.825
8.717
11.207
10.537
10.307
8.223
4.349
4.779
11.011
11.353
11.554
11.326
11.117
8.163
10.244
2.272
10.290
3.567
4.029
9.213
4.113
4.959
7.303
8.740
4.314
1.722
4.598
2.650
3.255
5.310
5.118
3.106
2.630
3.120
3.687
4.635
2.533
7.103
6.218
5.698
5.715
7.106
5.885
6.680
6.603
6.408
4.804
3.213
3.419
3.819
6.040
6.229
6.218
6.213
6.161
6.111
5.870
5.758
4.449
1.178
0.906
1.493
1.168
0.378
5.845
1.840
1.824
2.728
1.032
4.024
5.957
6.027
6.278
6.035
6.013
6.400
5.900
2.800
6.111
6.543
6.369
2.867
3.455
6.825
6.926
3.734
6.840
5.228
7.365
7.239
7.233
7.052
4.171
7.441
6.888
6.841
4.365
4.509
3.855
5.613
8.730
4.805
8.434
8.607
9.259
9.073
8.236
6.613
2.677
5.308
6.020
7.526
5.293
5.732
5.295
3.637
5.210
5.223
8.069
10.785
5.450
9.184
12.923
10.974
10.347
11.900
7.057
12.084
6.032
9.706
14.099
10.775
8.457
14.521
13.102
14.554
6.505
12.883
5.314
14.883
14.104
13.209
10.397
10.884
17.366
8.917
7.301
6.981
9.892
17.459
12.637
12.521
4.722
8.862
9.363
10.018
10.063
10.947
15.104
11.641
11.591
13.200
12.699
14.462
13.869
15.090
11.259
6.343
8.688
9.987
10.841
14.613
9.150
24.700
24.288
21.933
7.268
24.606
11.073
11.144
21.023
17.195
3.522
8.934
26.825
13.489
7.034
21.357
26.210
23.393
16.186
6.427
6.458
9.056
7.563
16.237
9.949
4.893
10.250
6.459
8.886
8.000
9.914
8.288
5.790
16.479
20.233
11.952
22.040
26.659
8.217
8.962
16.102
17.302
17.026
22.971
19.446
18.151
22.887
12.997
12.378
7.831
8.693
10.651
9.594
21.593
23.413
20.929
18.041
23.982
25.829
30.318
15.978
20.333
21.546
19.037
7.219
8.484
11.022
15.400
10.493
7.179
12.226
3.271
24.962
28.885
20.834
23.924
22.071
18.223
27.226
32.556
32.079
20.777
23.076
30.118
30.211
16.875
18.152
4.821
16.599
20.277
19.241
20.649
24.012
4.228
23.517
20.541
25.379
23.642
25.866
29.866
25.718
12.668
23.776
29.693
18.125
18.204
29.414
19.283
21.099
29.295
19.800
26.745
28.746
20.555
24.130
28.096
22.512
12.819
24.124
17.122
26.745
28.160
27.863
15.651
13.418
11.245
19.803
13.110
20.805
24.780
26.052
26.361
24.422
23.550
18.724
20.410
24.391
14.195
22.896
15.859
23.911
23.843
23.792
13.693
18.381
16.727
23.411
15.163
6.169
10.536
23.454
20.760
7.764
10.443
8.509
17.737
20.907
20.030
10.309
13.080
20.643
20.619
20.624
18.816
15.335
15.159
17.995
11.502
5.948
15.233
16.226
18.289
11.498
11.565
4.491
11.041
11.518
10.932
4.812
6.236
12.793
8.602
15.324
12.922
9.466
5.917
9.681
8.200
14.649
12.019
2.486
1.359
5.344
9.753
6.126
3.735
10.198
11.976
8.443
4.097
7.528
6.228
5.824
8.021
4.552
3.026
3.439
5.957
2.373
6.667
5.141
9.113
9.864
8.295
9.021
6.332
2.633
8.176
3.412
8.067
5.220
1.655
1.989
5.923
5.393
3.914
2.114
2.157
4.064
7.461
5.535
2.388
6.866
3.205
1.744
4.396
3.472
2.305
0.965
4.080
0.865
2.686
2.764
1.601
2.086
3.334
4.223
1.239
4.330
6.007
6.062
4.927
5.922
5.992
5.275
4.891
5.119
4.643
2.448
5.649
5.964
6.128
6.138
6.269
6.176
6.244
6.256
6.536
6.490
5.804
6.371
6.444
4.254
1.855
3.793
6.493
5.833
3.480
5.564
5.758
3.367
5.509
7.409
7.504
7.564
7.478
7.181
4.022
8.038
4.257
7.953
2.542
7.849
3.298
5.018
8.085
5.495
9.474
7.214
9.346
9.810
10.059
7.921
10.635
4.235
6.675
7.683
11.052
11.110
8.363
11.938
12.180
12.501
9.389
3.396
11.207
8.600
4.367
5.091
7.770
9.052
10.739
10.061
14.017
10.268
11.197
11.805
11.635
9.423
8.940
13.884
7.816
4.648
16.105
17.213
18.081
11.637
12.767
11.385
11.543
12.306
15.325
6.782
6.734
6.978
14.097
10.958
10.519
10.713
5.327
7.771
16.495
13.639
17.066
18.916
23.351
13.974
11.913
9.104
13.422
12.795
15.183
22.967
12.643
7.570
20.887
11.515
9.728
11.546
12.548
24.239
16.538
13.427
19.327
17.364
18.815
26.320
21.826
26.900
26.727
26.312
19.159
19.546
27.621
15.897
8.713
10.695
22.838
15.151
9.167
7.524
6.873
10.687
15.016
9.496
13.071
19.309
17.145
20.221
22.454
21.871
11.800
10.906
21.060
13.049
16.345
21.874
9.996
24.363
26.319
23.056
29.219
30.003
25.303
10.560
11.531
12.091
16.953
29.299
25.432
9.686
15.324
20.831
25.464
20.483
14.556
15.220
28.437
8.627
7.682
19.368
20.421
26.248
30.076
5.823
31.129
31.417
11.801
15.774
25.060
12.226
5.000
22.425
15.544
18.454
20.166
27.854
32.407
32.401
19.585
23.839
28.071
26.155
5.436
29.999
24.616
29.883
20.284
5.162
23.973
24.426
15.683
21.792
28.288
28.812
29.140
12.078
3.529
20.764
22.104
29.582
28.375
15.360
9.603
24.533
22.550
29.509
24.212
7.109
15.361
24.482
18.369
26.102
26.974
20.107
27.412
15.411
27.856
12.235
23.246
27.048
24.945
26.297
21.079
24.726
23.128
24.907
25.205
18.126
24.581
21.783
14.784
18.264
7.171
8.982
10.881
6.150
21.187
23.072
4.740
9.213
23.259
20.322
8.559
5.921
23.151
19.077
8.873
13.918
10.320
15.788
15.591
5.188
18.525
9.237
14.987
11.947
11.465
16.837
18.166
16.066
19.069
16.874
15.753
13.690
4.127
15.434
12.122
6.381
15.571
6.563
4.664
14.664
14.513
13.308
10.006
12.128
5.497
10.948
10.200
8.121
7.817
6.249
9.429
8.750
12.161
4.925
5.113
7.590
5.325
1.655
2.928
4.792
6.193
5.687
6.805
8.228
5.038
5.515
11.490
11.315
8.926
7.996
8.752
10.122
5.891
4.272
5.031
3.826
5.580
7.874
6.170
3.530
7.486
1.947
5.917
3.607
5.366
7.771
8.018
7.681
7.021
5.275
7.269
6.733
6.734
5.016
5.784
5.503
4.198
6.981
4.734
4.028
6.056
6.671
1.991
6.562
3.879
2.357
6.301
6.102
4.575
4.898
6.218
2.540
3.530
2.927
2.213
4.418
4.311
1.820
3.914
4.730
5.655
1.562
3.122
2.451
3.373
6.417
6.049
5.997
4.533
1.239
2.725
5.791
1.442
6.603
2.340
2.210
5.055
2.345
3.737
3.649
4.218
3.741
3.008
7.277
6.002
4.949
7.842
8.266
7.554
6.655
8.281
5.101
6.990
4.616
2.085
8.529
3.153
7.815
9.388
5.187
9.708
6.214
6.943
6.222
8.531
6.177
4.499
3.911
6.403
8.287
4.491
8.553
7.827
10.186
10.925
10.151
8.472
12.390
13.076
10.104
8.373
10.783
11.459
5.809
13.117
7.074
11.423
7.171
4.431
14.111
14.238
13.043
8.307
8.875
10.732
7.010
5.027
7.130
4.524
6.839
13.300
13.628
15.279
15.255
9.799
18.637
18.845
13.948
18.499
13.413
15.510
19.257
17.819
6.661
17.113
18.351
16.106
16.304
13.893
12.042
10.809
12.969
19.272
11.362
18.403
20.484
16.714
10.346
22.189
12.475
10.126
4.873
16.220
17.800
13.573
12.366
9.928
13.485
20.048
24.922
23.218
20.119
18.683
19.607
8.336
17.399
11.675
20.906
25.161
13.699
29.036
22.031
16.695
8.091
17.959
29.395
20.304
28.862
18.840
21.514
28.519
23.648
13.916
22.411
27.481
24.272
24.631
10.167
9.793
16.977
16.537
28.033
11.747
19.497
12.307
28.255
23.044
19.524
17.275
27.140
24.146
19.624
11.005
6.504
20.675
20.805
16.099
20.565
4.835
16.534
13.658
7.015
26.502
18.739
32.505
32.781
32.329
33.382
23.596
9.805
16.976
27.611
31.694
31.178
28.412
25.496
28.523
27.237
23.122
21.492
30.846
25.547
31.883
22.437
28.090
26.516
15.478
22.995
23.150
24.685
23.639
26.054
24.093
29.188
24.740
24.467
28.764
25.804
14.209
7.188
6.403
19.111
24.737
21.305
22.613
9.835
19.900
23.100
21.775
17.387
28.100
24.708
20.352
21.457
27.511
28.084
24.252
27.735
21.384
25.524
27.378
14.970
17.715
16.961
20.063
27.638
6.060
10.648
23.863
15.072
23.738
25.881
25.538
25.029
18.748
3.114
19.893
24.986
18.772
5.556
22.462
21.340
20.202
10.600
4.307
21.039
23.013
21.423
17.923
17.488
6.734
9.871
14.914
20.309
13.078
6.565
9.988
12.597
3.876
12.861
5.385
10.395
10.245
15.526
9.073
18.470
18.314
9.025
9.732
14.100
17.965
12.952
10.666
15.972
7.260
6.065
17.051
13.931
17.176
5.356
15.980
16.148
15.708
15.443
15.609
15.071
14.732
14.449
12.101
9.210
13.811
12.028
10.141
11.535
3.568
4.656
12.485
5.854
12.045
4.305
9.043
5.825
10.928
7.819
7.333
5.093
3.915
2.860
6.379
1.326
8.092
8.335
2.203
1.661
2.916
4.737
5.833
3.549
3.445
8.371
4.569
2.906
2.838
7.567
6.020
6.638
7.309
3.204
5.142
2.082
5.803
5.894
7.069
6.831
4.967
4.171
3.559
2.993
2.608
6.047
6.166
2.122
0.860
4.696
6.187
6.192
1.357
6.206
5.562
5.778
6.140
4.173
1.739
2.616
3.286
3.696
5.383
5.937
5.201
5.943
1.693
3.324
2.472
6.173
4.644
4.990
3.506
5.798
6.737
6.836
5.299
6.972
4.586
1.393
1.432
3.481
4.336
7.572
5.293
7.787
8.026
6.059
3.959
6.095
4.668
4.214
3.970
7.836
1.886
7.222
4.819
4.107
4.818
7.029
9.739
7.370
6.492
8.792
5.179
8.175
9.473
6.888
6.584
7.221
10.384
5.933
7.173
7.757
5.996
8.043
4.483
9.519
2.958
12.810
5.440
5.302
9.854
3.124
6.959
6.879
4.381
8.669
9.024
11.526
8.664
15.135
5.060
16.707
9.316
16.474
13.530
14.892
15.575
7.951
8.991
16.630
14.033
10.139
18.700
17.320
8.651
8.798
7.018
9.598
15.239
15.560
9.925
11.314
14.892
10.277
18.510
7.977
15.384
20.378
5.463
8.645
12.438
11.179
8.621
8.786
8.218
9.219
13.309
15.837
10.135
7.424
12.045
18.752
19.568
19.351
17.961
16.777
11.366
4.938
8.449
21.998
18.386
21.595
7.715
8.135
15.198
22.431
13.768
20.248
18.332
22.753
29.460
25.021
11.902
22.576
19.916
25.280
12.343
9.622
9.182
19.184
7.887
10.068
19.179
21.123
15.143
13.531
8.764
12.371
11.544
15.244
20.787
23.266
27.194
20.751
19.966
12.753
23.634
13.267
4.446
5.306
16.315
12.141
10.928
7.388
5.479
7.800
10.548
7.763
10.268
6.693
18.175
13.513
14.479
15.275
8.135
22.849
17.290
21.474
31.016
30.665
3.754
9.368
7.925
7.604
10.626
28.112
9.294
18.126
17.931
31.404
19.875
10.028
22.276
11.432
16.483
31.210
29.376
31.165
26.390
21.707
28.350
22.602
24.985
16.793
14.991
24.134
27.189
27.496
30.794
27.040
26.832
3.401
17.112
30.058
29.399
26.174
14.836
20.195
8.051
23.504
28.836
29.248
29.572
29.280
27.975
24.205
13.453
13.137
10.658
6.028
9.258
22.201
10.695
4.699
18.671
14.525
15.706
20.234
11.718
14.268
17.431
16.585
22.061
18.237
8.090
17.011
23.981
7.017
5.935
11.047
15.679
5.782
17.873
14.157
16.651
15.355
14.133
7.936
18.703
16.957
19.657
14.910
20.076
15.701
3.548
14.011
15.578
17.656
17.639
3.903
9.775
5.209
5.651
7.005
8.965
17.629
15.180
18.212
5.796
13.934
12.830
8.223
16.765
12.664
15.294
14.177
13.952
11.319
15.408
14.923
12.304
15.699
15.639
15.219
14.660
14.365
14.481
14.266
12.342
11.069
13.361
9.662
9.377
13.293
13.379
13.207
12.208
11.051
8.826
8.860
5.079
2.757
9.963
3.134
5.976
3.577
6.755
9.849
9.625
4.941
9.073
8.079
4.466
5.851
3.647
1.756
5.152
3.299
5.940
2.604
6.411
5.919
8.256
7.719
1.963
5.662
7.483
4.776
3.137
5.008
4.731
6.737
6.972
5.982
3.631
4.862
4.734
6.834
5.911
6.319
6.181
4.531
5.559
2.701
2.390
4.123
3.284
2.618
2.442
1.668
2.742
5.558
3.335
4.042
2.314
2.144
1.488
1.422
2.575
5.854
5.384
6.014
2.791
2.650
5.374
3.013
6.826
6.470
3.433
3.189
2.066
5.929
3.601
2.636
1.865
3.106
3.141
7.304
7.688
7.863
7.512
7.854
7.779
8.289
7.794
3.679
5.204
4.001
3.985
5.447
8.251
6.735
4.939
10.003
9.680
6.287
4.010
5.726
8.093
10.068
10.911
9.175
8.715
6.575
7.423
9.487
11.160
5.056
8.364
6.702
6.534
9.053
5.142
9.506
8.267
9.739
13.288
14.734
13.523
11.775
8.052
12.846
15.720
8.447
10.270
9.598
12.680
17.393
10.348
15.938
11.291
14.951
9.701
16.781
12.228
15.090
11.997
14.774
8.663
8.010
8.243
11.441
14.727
10.890
13.478
3.774
8.178
8.449
8.247
9.255
23.490
18.819
17.864
18.162
11.714
12.458
14.210
12.946
10.997
10.632
22.620
21.855
17.124
17.265
16.819
13.489
11.747
22.100
17.293
27.339
25.806
12.328
12.056
13.507
27.195
25.399
11.111
5.913
12.320
6.750
23.296
23.448
18.754
11.844
13.655
16.990
8.083
28.847
11.600
8.166
7.455
20.112
7.033
19.295
10.844
4.905
5.493
8.009
11.558
6.423
26.766
24.755
19.745
4.611
27.003
23.397
12.403
26.488
9.819
29.278
5.801
21.304
32.238
27.435
26.757
12.611
27.520
26.040
6.664
17.554
29.616
32.002
31.356
31.975
30.218
21.768
26.691
4.326
32.544
33.417
31.695
32.280
29.840
26.324
19.778
11.921
5.770
10.182
19.875
19.887
12.317
19.603
11.042
22.084
23.916
8.853
10.639
20.084
25.175
23.173
10.926
13.815
12.923
24.804
6.293
18.043
10.819
21.518
28.757
16.781
20.706
11.702
28.620
29.584
31.288
21.377
30.901
30.036
24.238
26.887
25.026
22.960
12.704
20.337
17.363
24.414
16.802
21.143
11.070
23.139
27.064
18.440
10.213
23.192
28.617
19.717
3.238
5.515
10.942
15.295
19.969
18.506
25.015
12.686
20.849
23.979
15.626
23.135
13.016
10.295
20.019
18.152
11.931
3.764
13.401
10.965
6.707
15.879
6.823
9.004
17.911
4.484
20.573
5.125
13.706
17.755
18.231
21.911
12.788
16.856
3.313
8.296
5.485
7.575
6.205
15.543
8.846
10.410
14.512
2.595
3.763
19.318
6.197
15.262
8.679
10.420
18.029
15.856
1.934
5.430
10.865
5.582
4.434
5.001
6.738
2.308
3.175
6.609
11.833
3.959
5.113
10.167
5.775
1.448
4.418
9.253
6.075
1.183
3.876
13.026
11.020
12.370
2.122
11.260
2.792
3.545
8.838
6.229
1.738
10.348
6.736
10.303
4.017
9.754
4.685
9.581
9.843
3.310
4.024
2.790
2.334
0.918
5.170
2.301
3.828
3.732
6.090
4.234
6.329
4.072
7.383
4.027
4.552
2.585
6.818
2.873
6.565
6.198
2.079
3.023
5.996
6.823
5.561
3.682
3.391
4.213
5.497
2.074
2.652
2.560
2.583
1.993
6.231
4.211
4.059
1.803
2.741
1.778
3.218
2.005
1.934
2.267
3.293
6.174
5.877
5.588
6.243
3.849
3.597
4.984
3.749
2.978
5.856
4.756
6.109
6.466
6.209
4.954
3.519
7.104
7.634
7.499
7.560
7.705
7.783
7.179
6.503
4.564
3.912
2.806
5.565
5.321
6.841
2.173
6.691
7.860
4.712
9.240
9.727
9.686
9.932
10.169
10.172
10.125
7.590
10.054
8.064
8.433
9.265
5.695
7.950
6.442
8.113
6.245
6.791
11.916
11.185
8.940
9.902
9.098
13.041
5.789
6.438
10.153
5.026
4.340
4.634
14.999
7.823
8.750
9.170
10.913
11.950
6.179
11.936
12.525
8.506
15.421
10.379
9.565
15.136
14.411
11.401
4.559
4.745
14.817
10.575
6.112
8.897
11.741
18.362
15.002
15.084
10.606
9.103
7.300
6.639
13.284
19.596
13.839
7.594
9.282
5.771
13.095
7.280
22.854
21.475
21.370
16.336
23.485
24.785
25.584
23.425
9.062
12.346
26.628
22.239
17.867
6.965
23.544
26.790
27.037
24.395
24.633
18.664
3.509
21.599
24.114
7.716
9.623
19.767
24.439
22.819
14.464
7.589
5.551
11.935
24.911
22.024
11.234
16.950
21.661
29.566
29.634
30.427
29.498
28.452
27.758
26.125
25.145
22.721
25.958
13.149
22.686
27.096
30.604
18.923
32.210
31.575
32.931
17.628
16.640
22.386
28.915
11.995
22.586
22.508
20.459
18.474
30.341
17.988
24.536
21.590
18.009
25.050
13.851
10.006
22.782
10.423
16.232
28.040
4.502
23.993
27.667
23.718
9.944
4.013
14.561
29.427
28.027
21.228
22.237
27.044
26.766
6.666
4.552
7.916
10.159
30.134
18.364
23.069
23.472
31.304
27.167
18.542
30.799
16.240
14.860
9.468
17.381
29.511
25.927
23.046
24.213
20.401
5.218
28.687
24.377
21.058
29.842
24.943
12.046
13.622
25.591
28.348
24.844
24.620
21.631
23.267
27.863
28.267
24.633
27.764
27.965
26.632
26.509
24.212
4.891
22.218
18.727
23.083
24.670
20.711
24.811
18.449
23.219
17.746
18.295
12.266
6.476
21.653
20.274
24.440
23.489
19.360
19.198
22.989
16.698
7.840
20.315
23.022
21.190
22.138
19.466
3.394
16.594
21.150
21.285
21.086
20.885
21.046
14.865
16.946
17.069
18.581
19.429
19.376
19.361
18.991
18.422
18.500
16.170
9.657
14.036
7.856
17.312
17.367
16.953
7.516
14.148
13.822
8.658
15.635
7.056
7.748
7.188
9.314
3.157
12.466
11.880
13.530
13.450
6.682
9.868
13.152
11.895
12.597
10.173
5.422
12.469
12.292
11.136
10.582
10.894
10.686
10.704
7.540
4.082
2.045
4.304
3.971
2.179
8.727
7.890
2.852
5.516
5.720
7.734
1.873
4.675
8.489
6.424
6.316
5.985
7.671
3.774
4.377
2.879
3.000
3.097
2.984
1.918
1.253
1.618
3.687
2.451
4.205
3.879
5.924
3.885
2.888
2.776
6.008
1.143
5.533
0.991
5.818
4.406
5.251
3.298
1.899
3.336
2.023
4.201
3.988
5.670
2.752
2.162
1.606
4.257
3.267
5.572
6.123
3.829
2.560
2.430
5.289
6.484
6.941
4.946
3.514
2.955
7.002
7.199
7.416
7.073
5.439
3.314
3.068
2.949
2.816
7.649
6.945
4.190
3.331
5.580
5.517
5.636
6.445
8.484
9.450
9.700
5.980
9.751
7.816
9.934
9.368
10.275
10.735
10.793
10.717
7.668
7.414
5.489
11.149
9.867
10.642
5.786
3.075
7.675
10.098
3.001
8.237
7.883
9.761
12.021
6.465
4.526
6.446
4.278
6.202
6.001
13.066
8.781
15.335
10.137
5.261
10.705
11.397
7.284
12.951
11.190
10.806
16.127
11.283
10.967
9.992
3.989
5.371
5.945
7.249
5.025
9.839
11.501
12.759
6.375
16.117
20.675
21.629
12.568
9.326
10.393
9.321
23.063
10.135
9.516
7.201
5.877
5.303
12.127
7.447
19.909
17.806
17.709
17.612
15.640
9.857
14.347
14.373
12.423
15.725
12.169
16.883
18.082
16.727
26.240
7.311
16.173
27.157
6.745
20.219
3.025
11.326
20.892
20.598
16.513
22.773
3.608
25.059
17.916
24.356
28.893
11.298
19.045
7.468
14.316
19.369
24.980
8.635
23.887
20.718
7.872
8.371
21.411
24.844
15.615
14.151
12.886
23.356
26.155
22.787
25.693
17.058
18.884
21.273
16.125
6.452
9.601
16.587
26.852
30.573
26.932
13.982
32.789
18.385
7.167
6.400
13.399
23.978
19.720
27.508
26.633
24.673
11.318
31.518
32.138
27.471
17.510
22.860
27.158
17.363
28.428
18.252
9.412
21.930
26.614
18.312
8.959
24.821
19.352
26.919
17.786
9.177
25.548
27.239
29.119
15.689
24.325
11.121
20.308
15.167
23.258
27.444
28.467
23.601
30.723
27.312
29.540
24.006
3.589
14.280
22.861
18.074
21.295
17.789
16.440
26.860
28.983
11.753
24.722
5.996
29.256
28.720
28.343
28.619
20.483
27.075
25.453
24.863
21.116
20.257
26.674
23.643
1.693
10.777
15.706
15.561
16.851
21.210
9.300
16.450
25.415
12.076
17.769
15.331
12.005
14.205
22.483
21.879
13.327
17.611
2.493
19.284
14.972
5.468
22.460
16.404
8.051
1.912
7.037
15.044
13.295
12.314
16.360
4.796
15.187
12.936
19.425
13.489
11.464
19.807
16.146
15.182
13.057
7.193
17.178
5.829
10.973
12.479
5.636
7.761
2.683
11.211
3.137
4.450
15.946
15.315
13.744
14.608
7.482
4.192
12.458
11.546
10.692
1.553
1.232
7.154
8.817
12.819
12.591
12.053
4.376
9.594
7.495
5.616
3.547
9.843
9.559
1.842
10.799
4.178
0.996
8.742
10.591
6.587
4.972
1.173
2.178
4.153
8.853
8.616
2.793
5.705
6.164
4.088
7.936
8.020
4.802
5.333
7.841
4.739
2.166
3.749
5.797
3.693
6.519
6.902
3.947
3.763
6.134
3.545
5.143
4.058
3.234
3.197
4.157
6.270
3.442
5.665
4.907
2.378
1.403
6.041
2.555
5.808
6.161
5.153
2.967
2.785
4.759
6.449
4.061
6.297
5.808
4.019
4.359
4.671
4.492
4.242
4.170
4.689
6.175
3.635
6.407
6.822
6.776
5.228
6.765
5.601
4.737
4.884
4.183
2.971
7.550
6.699
7.993
3.549
4.824
7.718
8.444
8.243
7.056
8.315
6.484
4.712
5.030
3.060
4.246
5.891
8.255
6.992
5.343
9.294
7.951
4.121
2.965
3.771
6.377
4.183
6.549
8.526
11.993
9.074
7.752
11.567
8.577
5.658
3.828
8.624
5.340
5.295
5.444
5.978
8.228
15.205
7.370
10.485
8.010
11.366
7.843
8.356
13.534
6.189
12.895
8.844
16.160
12.043
9.582
7.540
8.376
10.643
8.199
5.861
11.609
19.456
19.291
14.443
8.293
16.860
11.266
10.911
10.752
16.244
11.528
12.249
11.165
8.459
8.822
12.022
10.233
7.746
7.883
7.450
7.075
10.204
6.208
7.489
8.593
14.621
13.412
15.017
12.691
25.410
12.550
3.010
12.641
19.170
12.310
19.173
10.132
12.276
14.271
8.445
20.465
11.410
13.198
16.729
19.823
7.518
15.634
18.462
18.511
14.534
4.742
6.736
21.852
6.618
18.075
14.013
12.715
7.516
24.729
15.435
12.204
14.738
17.792
29.769
18.758
20.028
2.936
5.870
15.255
12.875
24.868
30.743
21.937
18.129
29.880
23.928
21.690
30.108
27.003
19.823
15.542
29.788
9.903
23.625
11.992
22.967
15.662
6.526
18.557
19.628
25.164
12.527
13.225
23.712
12.526
26.928
17.600
7.399
6.684
31.190
20.526
24.661
26.060
15.417
10.289
24.924
14.889
27.089
26.967
27.239
27.418
30.404
28.465
28.948
7.248
10.834
7.956
18.088
12.934
30.238
25.204
25.371
26.825
29.594
29.964
28.253
21.804
20.977
2.426
7.206
18.303
29.005
30.167
27.252
15.800
14.616
30.035
13.518
25.068
19.965
20.644
21.359
16.413
18.763
17.871
17.550
27.304
11.327
21.885
12.401
13.354
23.554
9.817
10.681
11.801
11.493
11.550
2.415
13.181
9.574
24.660
4.258
25.539
12.697
8.398
19.840
14.173
18.884
18.822
18.956
22.689
21.401
15.649
16.892
17.722
12.686
16.616
21.582
22.263
15.277
22.109
19.590
15.794
21.870
14.656
2.714
13.295
15.849
5.074
16.819
17.966
11.024
15.461
10.433
10.357
15.972
3.883
14.532
14.366
17.326
10.229
4.085
12.747
5.468
7.139
11.150
8.753
14.285
4.095
14.990
9.817
7.335
15.035
12.767
14.852
14.615
4.180
7.358
12.234
3.687
6.573
5.482
3.082
4.095
3.484
11.600
11.391
11.111
8.437
6.078
9.614
9.813
1.064
5.381
9.107
1.885
2.683
2.995
2.728
2.305
9.190
5.716
4.587
3.971
5.557
7.825
2.516
7.176
2.787
7.961
3.116
5.458
1.367
3.223
7.483
7.377
6.317
7.585
7.634
7.441
6.576
5.396
6.585
5.615
3.048
6.383
5.159
5.142
3.111
1.337
6.503
3.364
5.002
2.602
3.008
3.069
6.630
2.817
2.168
3.525
5.183
6.554
6.450
3.657
2.458
1.214
2.177
1.498
1.979
6.088
5.772
4.545
5.244
6.728
6.793
4.335
6.873
3.495
6.809
6.440
3.237
4.857
7.247
7.121
7.487
6.861
5.669
2.909
2.755
4.642
7.593
5.265
5.680
2.709
7.542
9.155
9.051
9.155
9.199
5.137
1.365
7.060
9.786
3.763
4.028
10.330
3.297
4.032
6.056
8.933
4.087
10.872
3.216
8.167
9.448
6.331
6.232
4.474
7.951
5.193
7.141
4.901
10.134
12.970
10.014
11.960
6.286
13.951
12.953
10.136
9.477
3.607
7.616
13.539
7.470
11.028
16.471
12.125
6.683
6.905
3.318
9.025
7.756
9.824
12.504
7.496
3.932
3.827
6.088
8.740
19.815
14.082
8.044
10.442
8.273
10.999
14.539
4.556
18.134
9.604
15.298
21.497
8.209
18.157
9.910
19.974
6.379
10.490
25.206
23.797
15.592
11.901
13.618
8.390
10.211
7.576
8.204
17.898
18.865
5.639
6.734
8.106
15.003
10.704
22.111
5.818
20.352
11.109
9.354
15.250
17.900
23.646
17.719
17.058
19.991
14.673
16.930
22.896
27.871
20.258
27.079
27.687
26.649
24.550
20.884
29.548
20.828
20.381
18.312
10.628
25.702
20.944
23.233
28.921
31.882
14.826
16.603
20.748
28.139
16.516
12.656
15.085
9.251
31.984
15.576
25.359
29.713
26.451
17.705
21.777
13.512
31.973
25.871
23.523
25.680
30.568
30.001
21.212
15.660
33.482
33.120
32.359
24.621
32.057
26.934
7.145
14.609
13.904
32.098
33.245
18.999
30.233
25.158
30.162
28.834
23.760
28.805
16.470
29.786
15.109
13.268
22.103
14.314
15.924
15.128
28.562
16.446
25.878
25.223
23.694
31.185
27.007
24.777
30.883
29.169
27.388
14.955
23.365
9.435
22.374
5.879
28.432
25.568
29.646
29.197
22.971
12.735
3.459
11.735
10.018
15.962
17.940
23.599
27.602
28.237
23.074
24.813
27.548
22.659
26.322
25.691
25.289
24.314
26.037
23.372
21.146
23.206
26.003
25.765
25.719
16.452
11.777
13.617
16.155
4.061
11.551
3.609
21.099
13.928
8.339
16.172
10.605
22.091
22.649
22.523
21.968
22.071
10.131
12.589
20.990
11.080
9.813
12.143
20.221
10.457
2.501
14.501
19.438
15.008
18.808
17.773
17.009
17.070
13.647
10.787
6.271
9.070
3.277
13.917
10.326
1.665
3.439
6.625
11.521
4.628
2.815
1.722
9.041
8.987
13.143
11.851
6.084
3.217
7.605
11.600
12.464
12.195
12.834
10.711
12.009
8.916
6.526
11.438
7.331
4.013
1.642
10.096
4.704
6.420
1.472
10.381
2.600
6.806
6.480
5.812
6.337
9.148
8.614
1.876
1.551
5.132
4.268
1.047
1.583
7.707
3.444
1.542
6.073
2.427
1.765
2.705
5.336
7.206
2.478
6.813
5.541
6.983
3.220
2.676
3.103
3.999
5.242
2.326
1.739
2.653
5.995
6.194
5.403
4.966
2.397
1.803
5.551
4.118
6.205
5.718
5.701
6.100
6.683
6.549
6.252
2.533
3.368
3.710
2.743
1.986
6.462
6.069
6.263
4.792
6.286
2.685
3.804
1.603
1.083
3.146
5.648
5.425
3.471
2.589
7.801
7.833
8.050
7.843
7.611
4.307
7.694
5.763
6.942
5.216
7.112
2.807
5.195
3.175
2.000
8.528
8.230
5.227
7.086
5.948
8.910
4.589
6.285
8.130
4.989
7.872
3.448
4.476
4.419
5.620
8.843
4.243
12.592
5.921
7.357
3.781
11.248
13.108
6.052
12.972
3.403
3.633
8.167
10.840
14.224
12.131
11.280
8.761
13.364
5.212
7.013
6.906
12.010
6.807
6.493
4.196
11.959
8.951
6.707
13.851
13.515
11.943
7.846
9.314
11.427
18.025
10.857
7.934
13.886
9.148
12.802
3.238
11.913
15.830
14.876
10.710
4.401
9.311
20.768
12.705
22.712
18.515
12.847
19.907
5.515
8.541
11.818
12.205
9.024
7.136
16.191
19.402
9.533
20.661
17.414
13.845
6.005
7.414
12.707
14.295
27.537
26.869
8.043
22.465
16.105
17.912
22.483
18.678
26.316
23.600
25.204
26.548
22.212
5.916
5.716
10.178
14.766
20.559
30.092
27.489
29.123
21.206
12.054
24.898
16.147
11.337
31.570
27.511
25.862
17.956
16.229
17.418
10.265
27.316
31.122
30.941
31.925
31.610
23.295
18.479
19.193
7.576
29.366
32.967
13.016
28.190
19.366
5.588
1.751
13.020
33.294
23.782
30.088
31.216
11.275
29.019
5.756
8.515
32.465
32.487
31.618
30.793
32.778
32.597
32.737
26.189
15.980
20.226
26.683
7.491
24.132
32.096
30.700
23.686
30.202
28.283
21.744
26.643
30.545
13.896
22.356
25.977
7.722
14.196
5.115
20.641
12.248
19.585
3.349
21.481
30.746
30.783
29.882
26.026
20.034
29.285
23.500
28.808
29.074
29.202
25.717
28.705
22.271
7.808
9.845
14.636
19.764
15.997
12.965
2.072
13.084
27.727
26.675
26.991
26.790
19.351
24.685
25.786
13.896
7.388
17.591
18.352
22.026
25.195
25.459
25.182
24.595
18.927
22.760
13.786
4.953
4.856
9.032
22.399
2.924
2.756
11.132
10.033
11.229
17.881
18.421
12.377
18.837
19.084
2.288
8.282
9.261
12.914
15.889
11.717
16.887
15.015
10.510
3.503
9.890
2.355
6.240
16.828
18.992
9.660
6.400
14.080
16.903
17.286
1.561
14.768
15.786
10.746
12.975
12.601
11.663
14.971
15.712
15.292
14.543
14.340
7.410
13.560
14.043
13.388
9.457
3.025
12.918
10.376
3.828
10.246
12.246
12.142
11.546
10.985
10.171
11.170
6.298
10.580
10.382
10.214
7.788
5.230
5.307
8.738
2.413
7.844
8.985
1.883
2.991
5.172
9.138
8.653
8.398
8.354
7.639
7.873
8.223
7.662
2.137
4.007
1.936
3.248
3.342
7.000
6.370
1.777
2.561
1.609
1.699
4.242
2.535
1.360
2.818
6.776
6.580
6.396
3.049
3.172
2.038
6.512
6.468
6.383
4.708
4.345
6.442
3.750
6.089
3.834
3.965
6.706
5.921
3.816
5.990
5.452
3.560
5.624
3.385
6.746
6.777
7.066
6.885
6.844
7.177
3.508
6.953
4.793
6.051
7.345
4.257
5.938
7.684
7.532
6.504
4.617
7.965
7.254
5.807
2.295
4.843
7.270
4.083
7.798
4.101
2.627
5.117
9.472
9.144
5.749
8.560
9.449
10.448
6.307
7.914
4.034
4.662
3.838
3.616
7.057
8.790
8.184
7.223
6.449
10.128
9.888
10.688
12.392
11.897
4.997
4.379
12.335
11.906
5.508
10.221
6.872
5.734
8.291
9.011
5.031
6.839
8.794
11.808
5.720
7.425
8.375
7.425
14.687
9.685
7.473
8.727
17.804
15.833
14.601
7.011
9.998
4.810
4.760
5.830
4.511
6.215
9.162
17.759
19.866
22.481
22.765
21.580
11.045
16.430
17.925
20.003
23.937
17.185
24.151
25.212
21.227
7.313
8.621
17.940
16.859
7.759
14.993
8.624
7.859
11.768
17.459
21.348
14.846
5.154
13.418
25.999
21.493
4.646
6.329
22.729
21.714
10.737
12.258
26.438
10.820
13.630
11.411
5.938
18.557
29.034
25.970
13.329
25.530
27.157
28.057
23.791
21.014
18.187
30.827
29.867
28.207
29.856
7.440
11.478
27.704
22.126
16.139
14.892
20.264
11.650
18.253
9.204
29.152
26.460
30.143
31.770
32.315
27.273
28.322
13.400
31.339
5.166
11.797
13.268
12.988
22.094
28.052
32.086
32.723
28.247
25.882
32.235
31.895
31.311
29.652
27.426
31.900
24.941
23.445
6.584
32.205
31.059
4.467
29.066
17.083
21.462
14.298
17.430
22.268
25.274
15.580
23.399
31.315
29.602
29.343
4.522
13.773
7.056
5.316
15.543
21.770
16.989
18.973
27.349
31.834
19.439
26.998
30.894
22.845
20.036
15.437
21.558
21.910
22.098
24.309
23.074
18.172
14.922
23.023
8.545
8.712
4.940
3.927
17.419
13.749
21.721
3.662
4.277
5.222
20.466
27.557
26.240
24.384
24.684
26.760
23.336
5.049
17.132
16.125
14.437
18.595
17.746
12.300
16.905
14.103
22.757
20.110
4.592
20.959
14.543
18.197
12.072
19.058
9.654
22.529
14.647
7.504
9.481
20.098
22.390
22.086
3.198
21.058
21.532
21.642
13.438
18.721
14.209
6.218
4.779
3.916
7.685
7.057
4.277
12.900
19.023
18.660
18.342
17.895
16.442
8.394
7.278
5.733
7.304
15.881
15.657
10.211
7.562
1.642
9.814
4.987
12.898
6.628
2.367
12.654
11.803
10.844
7.311
6.807
8.488
13.041
4.867
11.619
9.696
8.797
11.648
10.482
4.733
7.159
1.373
1.722
3.838
2.756
7.927
7.862
5.215
5.316
5.137
2.496
8.989
3.060
5.814
4.157
1.840
4.338
0.749
2.686
7.873
3.364
3.500
7.765
1.659
1.556
1.095
2.456
2.388
0.624
2.210
6.101
1.898
3.180
2.851
2.468
2.290
3.089
2.187
3.076
6.584
6.432
4.374
3.388
5.869
2.698
3.849
2.831
3.140
6.402
6.382
3.539
2.892
4.482
1.689
2.844
3.575
2.001
2.150
4.713
4.156
1.601
5.132
3.033
6.391
5.136
3.288
4.263
3.712
5.955
3.927
5.509
5.779
7.775
5.293
4.404
7.683
4.011
7.790
5.765
8.143
7.995
2.664
4.578
2.627
2.199
5.960
4.557
2.199
3.711
9.095
7.480
4.882
9.590
8.381
7.772
4.415
5.448
5.407
10.151
7.053
11.351
11.026
11.899
12.232
12.020
10.251
11.809
9.824
12.935
13.408
13.526
11.063
9.609
10.804
13.932
12.769
14.611
15.003
15.321
15.233
5.005
7.471
8.900
15.779
7.113
7.332
7.021
15.372
13.497
8.226
6.524
14.374
10.685
13.508
15.590
18.430
19.743
19.821
19.546
20.821
20.911
10.654
13.190
9.913
20.102
10.178
9.564
19.289
13.066
8.883
6.162
11.992
3.818
8.831
18.532
21.263
12.102
16.278
23.802
11.111
13.145
21.962
11.898
21.434
7.341
19.740
26.315
21.267
26.513
8.590
23.871
21.634
16.783
20.519
27.803
26.369
8.058
26.467
11.555
20.625
22.802
16.414
11.707
20.399
20.758
27.525
29.325
29.232
27.870
20.255
13.529
11.871
15.442
11.125
14.763
27.562
26.129
22.900
29.537
20.145
9.117
16.234
17.450
24.770
31.358
20.853
25.509
8.228
25.477
12.642
22.390
22.701
31.018
31.424
32.405
22.616
18.225
22.391
15.343
30.508
27.627
29.648
31.291
29.408
31.633
26.988
30.273
25.331
24.703
23.334
17.233
28.922
32.317
31.864
23.805
28.431
28.633
29.239
30.688
18.752
30.475
27.027
16.489
18.238
9.758
14.131
22.212
25.358
31.964
31.963
29.180
31.394
31.344
29.210
31.045
31.075
24.869
26.275
14.970
25.079
31.199
30.638
26.234
24.995
29.377
14.647
28.280
21.947
25.979
2.789
20.990
29.860
20.277
23.573
27.975
28.576
28.511
27.909
28.143
28.503
28.192
27.905
24.497
28.050
27.578
27.602
10.741
24.468
26.396
23.951
23.804
25.314
13.917
20.229
16.623
25.469
25.846
25.285
25.704
25.431
22.166
10.194
16.848
4.133
11.109
9.482
24.618
24.215
22.471
10.064
12.751
5.451
12.493
9.387
12.466
4.348
3.579
20.838
22.291
22.028
21.283
20.908
20.566
20.683
19.651
19.680
2.749
5.632
19.947
17.745
12.789
15.626
3.879
15.631
7.605
11.779
7.618
16.501
2.170
14.403
6.971
11.573
1.518
10.254
15.888
14.453
10.407
13.362
15.503
15.285
14.793
14.214
12.235
7.750
4.866
2.174
3.729
7.724
12.991
12.540
12.112
10.560
4.968
5.185
3.893
3.528
10.600
9.586
9.700
10.450
10.171
9.774
2.179
4.337
6.001
5.791
9.179
3.033
8.019
7.740
4.409
4.993
2.093
3.898
7.950
6.919
2.475
1.904
2.618
4.926
2.630
2.511
2.151
4.135
6.366
2.401
2.869
4.994
6.542
6.649
5.613
6.670
6.719
6.502
5.195
1.838
4.957
4.725
1.777
1.769
1.917
4.674
5.917
6.084
4.574
1.452
2.410
6.339
6.691
6.125
5.968
3.942
2.947
1.614
2.884
2.835
3.705
3.715
6.762
6.043
3.285
5.622
4.971
5.208
5.507
2.968
5.492
3.988
1.363
6.319
2.679
5.435
3.596
2.174
7.245
1.878
3.928
7.665
8.679
7.830
4.411
5.043
3.491
6.153
5.697
9.733
9.071
9.687
9.144
9.943
10.116
10.646
9.677
4.219
7.331
9.292
11.144
3.760
9.095
6.342
12.119
8.317
7.586
12.839
7.132
6.352
8.854
4.409
4.993
3.119
8.692
12.155
9.070
6.705
9.150
10.034
11.857
11.975
15.235
16.710
17.202
8.088
6.844
8.460
12.347
11.160
6.660
13.174
7.512
7.906
9.026
11.802
20.145
10.966
8.553
7.516
17.938
16.979
5.486
7.878
10.473
12.949
18.332
22.068
22.277
21.362
20.669
13.004
7.931
8.980
9.079
19.748
10.703
17.589
19.316
11.894
18.543
16.584
16.768
10.774
18.777
15.000
13.622
12.385
19.617
4.670
18.211
25.351
12.637
25.583
9.684
9.761
26.981
7.398
7.422
7.592
14.055
24.165
21.415
9.685
14.953
12.924
12.322
23.110
25.540
19.618
16.226
28.693
16.161
5.881
21.475
24.422
3.076
30.181
30.968
16.442
21.713
17.927
7.224
19.328
32.506
32.395
31.166
18.056
16.555
32.105
32.651
15.559
15.163
18.403
9.817
13.347
21.697
21.086
32.620
32.293
31.410
30.300
23.883
24.852
12.327
26.119
24.687
9.331
31.068
28.101
15.212
5.487
16.882
14.612
22.003
26.688
24.814
31.389
26.921
23.529
29.888
31.725
15.638
9.251
16.482
13.017
25.685
16.392
27.084
25.508
4.646
19.325
23.185
19.110
24.167
25.378
17.297
30.325
24.118
26.409
22.918
24.917
20.639
29.856
29.119
5.402
18.629
25.121
15.107
30.370
30.726
30.062
28.513
28.902
29.279
28.252
22.882
24.318
26.329
11.155
23.499
27.257
20.754
8.935
19.967
18.544
14.273
18.628
25.935
15.956
18.741
15.136
4.447
7.810
19.537
25.555
12.229
5.640
5.853
24.502
14.616
16.079
18.438
5.866
6.282
24.264
21.792
22.995
23.632
21.358
23.123
23.376
22.936
22.493
12.794
3.246
10.191
16.446
3.222
4.414
20.085
20.845
20.593
10.670
19.028
18.246
5.546
5.540
4.848
7.310
14.736
13.430
16.574
16.509
10.919
16.769
16.403
16.417
16.477
15.626
11.484
13.894
13.596
5.438
1.587
6.428
12.639
12.216
11.098
4.845
10.291
13.892
6.794
11.586
2.576
9.325
11.976
12.656
11.723
8.990
7.988
3.207
1.857
8.059
3.225
3.991
9.937
7.005
8.950
3.559
5.965
3.215
4.356
6.191
3.636
7.415
8.745
3.256
5.110
8.535
6.488
6.461
7.951
2.435
5.347
8.248
6.282
3.802
6.986
7.233
7.294
5.761
6.366
2.632
3.307
4.035
2.369
4.956
5.974
3.402
6.145
5.203
6.165
6.544
6.507
6.429
6.436
6.296
6.415
6.191
3.877
4.450
2.323
1.144
6.661
6.516
6.485
4.898
5.857
5.128
1.697
2.841
3.232
2.589
6.596
6.550
5.914
5.930
4.370
6.708
6.828
3.144
6.662
7.157
2.824
6.874
6.388
4.007
5.975
6.940
7.749
7.856
7.092
4.770
4.370
1.911
1.449
5.412
4.197
4.346
5.310
5.560
7.430
8.135
7.649
9.947
7.768
2.541
5.530
4.401
7.188
10.938
9.832
10.909
11.060
11.233
10.338
4.366
3.988
6.732
5.949
6.673
5.996
9.557
10.282
8.906
6.251
7.006
9.192
9.004
11.059
12.601
13.296
9.704
15.665
16.411
14.306
9.703
13.127
15.446
11.348
14.781
10.500
8.047
9.949
18.568
13.593
19.257
11.348
10.955
9.126
10.417
12.415
6.618
4.724
8.363
13.625
11.528
15.889
10.387
10.927
10.210
6.375
10.777
12.773
17.247
23.565
23.875
17.381
21.395
24.444
21.480
13.634
8.258
5.929
15.131
11.055
15.045
17.533
22.259
25.897
13.104
26.732
17.799
13.367
7.606
14.022
25.420
18.198
19.803
11.607
25.094
21.764
27.733
15.292
28.175
17.939
23.745
12.611
24.072
10.365
19.613
22.007
19.877
14.457
7.908
29.190
30.197
18.418
23.340
19.395
22.821
13.651
4.668
27.816
31.325
27.062
16.692
18.123
15.522
31.774
26.536
25.368
22.232
28.966
28.412
26.329
30.194
25.984
30.639
7.716
18.840
20.518
9.100
25.689
19.710
30.819
26.979
19.059
27.443
18.223
16.421
19.487
23.297
13.960
27.873
32.859
32.168
26.253
32.073
27.623
27.378
25.778
32.100
31.766
22.191
19.868
9.599
13.073
31.102
25.311
5.301
23.617
5.256
22.709
23.417
19.008
2.799
15.155
31.412
31.933
22.288
22.863
31.300
18.553
22.804
30.983
24.921
29.638
18.089
19.032
24.755
24.163
28.060
29.101
27.337
17.439
2.719
13.663
23.294
13.677
11.549
28.974
18.893
15.564
23.364
28.783
18.177
15.271
28.021
13.677
11.305
12.670
2.749
24.224
25.937
21.977
3.275
3.828
3.373
2.416
21.248
23.777
3.544
19.604
11.355
22.219
17.136
19.001
23.856
23.675
22.698
22.332
18.334
23.945
21.305
22.526
6.646
14.763
15.073
20.501
19.059
21.211
20.848
19.930
1.893
3.642
5.742
6.233
15.887
12.547
14.287
19.464
15.594
15.550
6.080
13.849
8.450
15.923
10.652
1.565
4.949
10.603
10.214
14.299
14.490
7.246
15.028
12.308
15.617
15.664
15.306
15.195
14.332
14.520
14.695
13.787
10.990
6.166
11.507
11.312
5.354
12.403
9.437
11.660
11.921
11.938
11.874
11.588
11.188
4.389
9.567
8.510
8.148
1.196
3.377
7.514
9.721
9.588
9.171
9.199
9.244
8.648
8.936
8.465
7.989
8.352
4.821
5.376
8.025
2.310
4.958
6.518
6.195
2.564
3.433
4.293
6.081
3.241
4.450
7.060
6.317
1.633
4.718
3.621
1.955
4.346
5.355
3.557
6.660
6.592
5.048
2.681
3.845
5.148
1.670
1.721
4.383
4.974
5.572
5.834
3.410
2.549
6.236
2.560
4.238
3.146
2.829
5.573
6.801
3.901
2.867
2.085
3.176
4.052
6.045
6.563
6.778
6.839
7.185
7.367
7.446
7.335
7.762
7.768
7.979
7.928
5.345
2.259
7.369
8.149
8.134
4.188
8.979
9.072
6.911
6.727
5.424
6.840
4.301
3.113
9.314
10.279
5.383
9.280
10.612
10.584
6.417
6.519
9.227
9.481
7.339
8.262
12.218
12.336
12.375
5.311
4.000
11.464
3.762
8.916
9.772
13.470
7.631
10.138
8.557
7.721
10.108
13.064
12.337
12.356
14.788
8.747
6.881
6.371
10.808
8.238
9.148
8.019
14.970
12.108
11.987
18.105
14.553
12.141
13.599
16.717
13.195
10.849
11.315
11.339
8.378
11.173
9.816
12.087
7.957
6.385
4.933
22.222
11.386
16.429
11.537
14.187
20.664
22.750
9.872
15.260
23.396
13.341
12.044
10.484
8.724
16.518
19.060
15.355
12.871
20.185
23.871
13.072
19.324
26.593
18.325
15.898
20.519
17.895
12.490
22.909
12.601
8.830
6.450
22.701
24.277
20.404
28.788
25.670
14.845
13.718
23.562
12.185
8.432
22.905
30.490
22.193
20.912
8.367
27.145
26.021
22.552
16.991
20.442
13.461
11.998
21.319
3.909
7.012
25.620
28.022
21.011
15.985
8.889
14.464
26.457
23.812
19.380
13.846
10.208
22.941
19.976
27.983
32.388
31.456
29.932
33.141
31.040
32.733
33.104
30.769
24.392
30.295
29.796
26.521
23.385
19.454
24.287
18.474
30.443
29.454
29.130
30.895
25.327
8.310
25.738
32.562
32.245
31.702
30.905
26.488
27.534
12.015
20.951
27.160
28.375
31.185
29.516
28.499
31.123
31.345
31.857
31.683
31.331
30.231
28.063
30.131
18.599
28.573
21.256
29.835
27.061
24.013
20.254
18.991
23.611
26.503
10.174
17.342
4.141
5.306
20.220
13.619
3.780
22.974
6.639
23.373
19.956
6.830
17.625
13.562
22.999
17.444
20.761
22.695
20.052
5.163
22.513
24.779
23.136
17.380
21.232
16.383
24.723
14.559
16.383
5.470
24.624
24.418
20.912
15.647
23.119
23.473
16.187
21.076
15.920
23.407
22.414
21.113
22.407
21.667
17.994
5.871
16.513
16.351
15.615
5.360
18.106
16.776
20.145
17.744
19.411
14.589
2.007
5.648
9.638
13.948
11.761
11.029
10.957
4.472
1.997
10.007
16.497
3.608
16.589
16.328
15.839
15.647
14.204
14.286
2.969
14.425
14.746
14.478
12.865
12.028
7.770
8.107
10.838
4.327
2.154
11.089
11.500
11.636
9.103
2.100
9.050
9.790
3.077
11.188
2.687
9.874
9.230
9.621
10.087
9.745
3.432
7.491
5.519
2.180
8.079
6.394
8.329
5.933
5.678
4.360
7.443
6.112
3.713
2.742
6.530
4.349
2.543
4.702
6.297
6.642
2.042
6.668
7.044
6.945
4.726
4.953
5.040
2.353
2.449
1.489
0.615
2.621
6.464
4.496
6.400
6.235
6.359
3.509
3.786
2.323
3.378
6.383
5.786
6.459
6.339
6.262
6.411
6.142
5.536
6.454
6.092
6.046
3.491
2.031
2.290
2.314
2.928
4.540
2.935
4.505
4.781
1.397
1.865
5.920
6.151
5.445
4.284
7.230
4.630
4.792
3.944
1.992
3.894
5.098
2.255
4.664
5.361
6.598
5.387
3.257
9.322
4.199
8.990
4.227
2.784
5.435
3.869
10.400
5.572
4.073
7.699
5.003
11.275
8.865
8.888
4.533
5.255
10.159
4.063
8.569
6.281
12.315
7.667
5.503
5.411
6.838
6.896
5.924
5.822
9.906
12.076
6.396
5.981
10.789
4.305
14.735
6.321
4.604
9.299
4.129
14.157
6.227
15.944
8.481
9.603
6.369
10.088
12.704
12.819
16.312
5.263
6.488
11.730
16.132
10.662
12.774
17.160
13.457
19.507
14.773
17.871
14.828
13.904
10.082
11.425
18.152
8.346
18.283
13.204
21.583
17.711
21.959
25.069
24.326
12.725
24.621
26.053
26.052
25.661
25.500
19.828
26.760
27.278
26.632
27.665
27.702
18.856
26.948
15.767
17.277
27.871
28.046
24.760
6.585
22.630
24.677
11.576
23.375
6.947
27.708
27.448
17.424
30.205
25.842
28.728
9.092
28.302
6.416
28.509
8.393
24.499
31.127
27.386
24.693
27.891
30.107
17.558
18.721
29.325
26.536
22.907
5.319
17.530
20.984
9.848
10.500
26.029
26.934
22.777
24.091
23.719
20.213
29.148
25.877
16.527
18.378
19.289
24.700
22.227
20.274
19.376
24.673
27.727
30.677
16.580
20.952
14.148
9.837
25.089
27.669
16.990
16.367
29.446
20.485
28.269
6.140
20.332
18.596
29.078
18.028
31.029
21.478
2.392
23.718
24.389
26.057
24.771
29.756
31.744
31.759
26.626
23.387
25.685
27.123
27.713
8.224
28.517
20.556
30.117
16.391
24.466
23.485
19.687
12.822
29.887
29.573
22.209
5.504
26.566
29.528
28.645
24.744
4.391
24.263
13.080
8.240
22.074
24.697
17.014
18.050
10.653
2.316
15.018
11.209
8.970
12.566
23.134
18.791
21.233
22.762
25.044
23.165
20.836
6.521
2.145
22.548
14.219
23.341
22.578
4.429
3.791
6.819
4.860
7.177
5.606
20.491
4.727
20.779
21.983
20.149
13.800
15.141
10.358
1.789
17.181
20.540
20.397
19.834
19.596
19.530
4.634
3.675
15.387
11.763
10.762
14.567
16.842
15.763
17.032
10.438
15.762
3.733
17.110
16.842
12.107
5.993
15.938
14.968
11.701
15.008
14.769
14.701
14.260
3.947
6.240
8.553
6.357
6.702
5.215
8.429
7.187
5.294
3.255
9.012
11.003
3.076
3.258
10.954
10.712
10.382
1.641
10.021
3.269
3.994
6.196
2.805
2.797
4.290
4.889
9.135
4.270
5.197
7.071
7.244
5.755
8.072
5.330
5.265
2.695
2.559
1.754
4.152
2.808
4.481
5.604
3.827
4.118
3.113
6.411
3.438
1.585
2.478
4.624
1.777
2.151
3.709
4.476
2.885
2.750
3.761
5.833
6.474
4.408
6.361
6.312
6.313
6.306
6.355
6.275
4.197
6.178
6.376
5.644
6.360
5.936
6.665
2.413
2.856
4.737
6.199
4.968
3.302
2.809
3.728
1.749
7.209
3.564
4.619
2.797
2.219
4.785
4.482
3.608
3.261
5.067
7.020
7.624
7.439
6.603
2.041
8.394
5.481
6.910
8.994
4.884
5.053
8.015
5.134
7.575
6.607
3.760
7.804
5.332
9.106
6.291
7.468
11.166
10.732
11.444
11.885
12.152
8.851
10.570
10.378
13.005
12.997
13.250
6.436
7.551
7.320
4.976
4.297
5.893
5.791
5.179
7.789
10.924
6.971
2.865
8.431
4.867
6.578
7.834
16.314
6.174
9.099
8.327
9.749
15.154
9.859
17.591
7.300
8.736
3.783
12.771
12.824
18.951
12.998
6.973
19.895
7.624
17.404
11.638
15.266
15.038
13.068
18.627
15.738
16.899
12.576
7.056
10.211
12.544
20.998
6.023
13.847
14.511
11.091
6.631
6.053
9.979
19.629
14.419
10.244
12.940
16.552
12.483
10.270
7.945
11.974
4.210
5.799
9.611
10.383
14.378
12.419
9.082
10.786
7.667
10.217
27.079
18.405
19.837
26.959
23.754
19.833
28.503
28.124
29.669
16.066
29.739
29.187
25.291
28.549
18.852
14.858
4.697
13.560
5.729
11.992
7.259
17.570
22.257
20.932
27.264
31.664
30.302
27.822
30.283
20.552
26.018
29.640
24.179
18.412
7.699
10.209
10.311
24.107
20.054
26.085
25.511
19.508
8.296
13.729
15.760
9.821
10.680
19.425
18.989
22.783
18.847
24.517
27.645
28.736
28.029
24.525
19.677
21.127
24.771
30.735
26.330
20.023
23.346
7.162
32.011
19.823
12.775
21.666
30.340
29.786
30.441
12.315
9.782
2.690
26.509
31.286
6.639
16.339
22.128
20.868
18.507
7.527
6.540
30.033
29.807
26.441
21.997
20.499
25.375
24.801
23.688
17.036
23.301
20.592
18.332
24.596
25.958
26.945
4.575
21.825
27.755
19.960
8.652
3.165
15.616
6.697
12.560
20.133
24.383
21.230
5.432
14.988
24.153
2.860
25.835
20.087
15.676
22.985
19.766
23.479
24.537
19.724
7.257
17.695
20.755
17.780
19.225
18.199
1.778
14.659
22.732
9.559
11.660
10.048
7.769
2.822
5.422
12.420
21.533
20.646
14.217
19.422
15.764
16.501
14.215
15.433
11.111
12.416
18.612
18.048
18.616
13.964
13.963
2.157
2.020
9.707
17.079
16.518
8.740
13.589
15.196
15.149
15.139
15.181
10.645
14.203
12.113
4.123
9.185
10.993
5.293
13.575
12.364
7.652
3.916
7.768
11.990
12.364
7.296
4.371
2.223
4.396
3.891
10.075
10.236
9.269
6.988
9.763
9.670
8.054
7.245
9.002
8.982
7.240
1.593
3.563
5.386
8.271
8.383
4.769
3.819
5.049
7.841
2.293
2.418
7.850
6.608
4.585
5.300
7.299
2.597
4.363
5.543
3.006
5.020
6.804
5.921
3.016
4.602
3.259
6.485
6.170
3.410
1.949
1.944
3.355
4.973
3.386
2.619
5.760
2.355
2.984
1.084
0.637
3.387
5.574
4.635
4.404
6.654
6.056
6.479
6.431
6.670
6.385
2.816
5.378
7.000
6.681
5.866
4.944
5.669
6.987
7.305
7.339
7.329
7.305
7.534
2.331
4.395
7.640
6.749
3.096
3.937
1.124
2.065
5.259
1.990
6.947
7.768
8.976
3.892
5.434
4.659
9.251
9.062
6.983
5.072
5.463
10.171
7.018
5.404
9.922
3.722
10.964
5.470
3.962
5.950
5.627
7.154
12.118
11.048
2.495
13.162
12.856
8.588
7.010
7.896
5.639
3.268
14.857
11.188
7.756
11.761
11.032
8.377
6.619
12.070
4.590
7.282
7.748
16.434
12.962
10.713
7.970
10.328
4.806
16.904
7.226
13.251
14.818
19.953
13.606
13.506
17.187
21.055
19.460
13.828
10.925
14.688
11.949
7.066
3.918
9.489
14.278
17.814
18.468
23.047
17.891
19.286
18.385
20.682
23.934
24.806
25.035
25.646
20.686
24.000
25.492
26.139
16.340
23.667
19.376
20.561
23.589
12.960
26.104
13.869
27.911
27.599
21.439
14.363
18.007
7.855
8.425
28.396
14.948
21.093
11.936
19.281
23.513
29.640
17.503
22.882
20.094
26.117
12.587
26.191
17.329
24.345
9.797
24.939
14.577
14.144
23.622
20.476
24.454
31.176
27.843
17.254
19.355
11.010
29.514
23.372
31.083
21.910
31.244
16.777
27.892
27.813
25.273
9.326
20.219
16.868
20.351
18.827
27.968
30.170
30.155
31.738
17.066
6.013
28.831
29.625
2.988
14.598
22.560
10.650
6.176
10.474
27.639
24.096
18.808
22.432
21.258
24.142
30.660
27.438
31.137
25.582
30.612
19.869
14.585
30.861
22.655
17.939
23.528
14.292
20.345
18.977
16.999
26.820
29.959
5.885
19.700
17.888
29.834
25.185
28.559
3.515
24.614
29.523
29.987
21.612
29.206
14.735
20.278
20.510
28.698
14.470
5.796
27.770
28.622
28.240
9.169
8.297
11.644
25.014
21.011
23.306
26.657
26.809
26.791
22.973
25.211
25.859
25.880
24.615
5.978
24.659
25.159
21.780
18.838
20.427
22.545
1.964
25.059
22.064
22.945
15.790
14.409
8.041
23.888
21.603
22.926
23.145
20.539
13.163
12.518
9.223
6.828
4.222
20.477
12.018
14.666
18.533
17.676
19.200
18.324
17.652
18.552
13.742
13.768
8.646
17.917
16.763
17.716
17.952
16.945
11.940
17.423
17.240
11.521
15.592
15.676
9.293
11.484
6.803
10.604
3.088
4.094
13.762
11.999
10.714
3.673
6.304
14.320
14.056
12.812
2.715
5.530
7.635
9.237
4.441
10.557
11.348
11.611
11.471
10.473
9.867
2.742
7.956
2.293
2.582
5.453
9.366
3.271
5.918
5.197
6.671
8.896
8.391
6.232
5.659
2.794
5.065
3.195
8.411
7.541
7.116
7.399
7.540
4.011
7.429
4.331
5.892
6.926
2.166
2.587
3.706
6.488
6.707
1.245
6.010
5.413
1.254
2.474
4.061
2.702
1.695
3.624
3.736
5.391
3.947
4.326
5.009
6.540
3.984
6.448
4.025
2.471
2.429
0.972
0.772
5.848
5.200
3.756
5.109
3.067
1.392
4.582
2.819
6.826
5.379
6.282
2.810
4.979
1.927
2.297
4.162
3.856
5.273
5.197
6.792
7.491
7.837
6.089
4.517
7.942
8.416
4.031
7.708
8.831
7.635
5.997
4.588
8.495
4.309
5.819
5.769
8.407
10.084
9.800
4.428
9.691
5.372
3.487
8.275
11.334
10.087
6.505
8.387
8.667
11.932
11.102
8.190
12.212
8.328
7.574
6.503
5.771
14.062
10.348
11.691
5.640
8.119
3.460
15.306
8.829
15.475
13.603
13.504
7.448
8.762
7.299
12.251
17.792
12.636
10.497
8.606
17.656
14.062
17.925
9.288
7.441
18.733
18.540
18.968
15.967
9.943
6.803
20.642
15.930
18.060
11.837
18.349
18.643
12.424
14.689
15.114
4.728
18.226
18.171
8.563
7.921
24.109
22.984
17.495
24.663
7.900
20.374
20.528
23.657
13.107
20.772
23.913
22.104
14.764
21.260
26.842
27.518
25.348
11.735
22.244
15.147
11.042
16.306
28.334
27.235
18.342
9.799
7.923
5.788
13.620
13.285
19.951
10.792
13.912
15.339
12.612
19.277
14.583
19.022
17.319
7.350
8.611
7.726
13.677
26.992
8.672
19.379
24.535
31.288
31.975
25.686
18.117
7.675
21.725
15.013
18.691
12.768
7.678
4.238
7.345
27.072
32.875
17.581
10.991
22.617
27.357
28.043
31.854
30.226
19.393
12.951
15.010
14.289
29.759
14.716
9.140
5.929
5.193
14.098
31.606
33.150
32.785
32.416
33.063
33.030
33.156
31.491
29.165
31.678
32.263
29.186
21.167
24.047
30.371
31.884
31.804
31.073
29.112
28.036
24.916
30.086
29.076
25.126
25.304
17.775
28.993
29.399
26.210
27.111
23.381
7.079
16.661
23.681
23.165
27.008
10.227
18.813
29.783
24.876
15.580
22.687
16.962
4.200
5.861
24.316
21.254
28.044
26.386
17.529
6.659
5.571
23.617
24.208
15.496
11.568
10.412
14.801
20.745
25.444
26.025
22.559
20.810
24.451
24.963
6.696
5.097
20.019
20.000
3.594
23.497
24.254
19.590
23.173
22.705
22.713
9.317
17.545
13.689
15.402
21.618
20.140
3.277
18.357
17.996
9.706
6.586
1.884
16.812
20.329
20.150
18.615
19.687
17.767
5.150
5.124
3.553
14.239
15.735
14.222
10.841
9.926
15.018
7.665
9.165
16.274
15.864
13.666
13.293
15.496
16.273
15.985
13.666
15.086
15.198
3.185
4.453
6.453
14.009
7.835
13.858
11.636
5.178
3.788
1.573
11.840
12.124
11.136
11.628
10.721
7.187
7.494
1.536
9.785
10.013
10.191
9.985
2.785
1.478
9.105
7.582
8.641
6.923
8.426
8.027
4.445
0.950
6.422
6.851
3.678
4.481
5.683
3.510
4.507
4.792
7.476
1.695
6.803
2.428
5.480
7.201
2.095
2.467
4.200
4.955
4.342
2.329
4.525
2.004
3.005
2.136
2.811
2.537
4.985
4.429
3.636
6.116
2.595
6.142
5.610
4.127
3.636
2.227
2.587
0.724
1.366
3.677
5.985
3.616
4.353
6.306
6.389
6.749
3.699
4.826
5.407
7.092
4.864
2.062
3.040
2.472
2.209
4.769
3.952
1.528
7.298
4.289
7.670
7.689
7.012
2.558
4.803
5.014
6.399
8.931
4.234
5.279
6.458
8.649
9.584
8.545
9.507
10.132
10.430
10.503
8.881
8.919
10.954
11.063
11.523
9.034
6.413
7.896
5.210
6.434
4.482
10.095
8.378
7.676
7.750
9.164
9.311
6.346
7.490
8.019
14.722
13.813
7.155
15.551
5.340
9.698
15.030
16.112
12.005
14.549
10.815
16.923
17.818
16.626
17.391
16.807
14.357
9.169
8.618
7.401
6.399
5.888
2.366
6.530
6.346
21.104
21.520
20.489
15.544
21.953
14.066
15.327
8.870
8.206
23.109
21.592
19.592
17.459
23.400
22.609
7.633
21.454
16.350
24.150
20.028
24.452
25.204
25.411
11.964
15.409
15.192
22.957
23.618
26.790
17.870
24.308
27.534
24.317
27.942
22.508
14.882
26.863
22.451
20.458
20.344
20.898
24.815
25.395
18.734
8.159
24.103
30.214
27.341
28.906
30.352
30.611
29.338
18.109
11.891
20.833
7.810
8.566
16.242
20.278
27.652
30.468
27.094
24.169
23.866
18.603
31.533
17.512
26.696
2.182
22.177
31.986
31.860
25.454
7.921
19.920
28.279
28.363
30.195
26.545
20.355
16.881
7.271
10.878
4.131
16.336
11.108
17.984
18.685
15.631
13.511
2.268
19.373
16.703
22.301
14.957
3.929
5.448
12.992
32.291
33.197
33.240
32.463
12.770
21.048
29.313
24.490
26.377
29.879
27.586
25.985
20.103
25.535
30.039
23.806
25.789
16.814
2.994
9.098
20.494
20.253
5.688
20.744
5.344
14.160
26.485
6.473
6.723
13.373
20.203
21.005
9.833
24.417
18.489
21.349
20.087
30.034
17.413
23.187
20.771
20.653
2.146
1.114
19.079
21.166
26.997
18.134
21.852
24.782
8.700
19.909
18.030
22.321
17.638
21.908
26.077
21.391
26.433
25.431
25.875
25.780
2.591
25.541
20.492
9.313
20.829
13.680
13.377
23.850
13.020
2.541
19.946
15.379
10.086
20.849
19.745
22.524
17.033
20.758
18.509
14.713
20.744
15.353
2.022
5.557
7.985
20.693
18.080
19.652
19.267
17.211
19.124
12.599
19.004
18.395
18.057
18.108
17.867
17.905
17.808
17.288
16.999
3.579
3.658
11.313
1.242
7.182
15.334
6.385
13.068
15.569
14.890
14.749
14.734
6.029
6.030
14.073
13.955
13.546
10.956
3.418
2.338
11.675
11.155
11.597
11.052
11.516
10.937
10.833
8.800
4.337
2.655
5.167
7.808
7.267
8.928
9.764
9.249
9.512
9.585
9.309
9.096
8.899
8.786
8.676
8.508
7.985
8.120
7.720
7.356
7.932
7.730
6.865
7.483
6.630
6.529
4.577
6.612
3.278
1.430
6.241
3.407
2.626
1.298
5.085
5.969
5.074
5.903
2.623
5.117
2.168
2.473
1.004
2.119
3.598
4.138
2.452
3.494
1.156
3.478
2.189
6.442
5.194
6.459
6.570
1.923
1.602
1.132
2.543
1.884
6.119
2.869
1.403
1.418
4.777
1.743
4.798
2.366
7.091
7.742
3.130
7.435
8.024
8.123
7.528
8.114
3.231
1.756
2.395
6.982
5.358
3.412
9.176
9.200
4.693
3.891
7.791
8.100
8.879
6.140
5.057
8.957
9.128
10.058
11.295
6.497
11.214
7.819
9.905
8.245
8.378
10.695
7.610
3.875
7.278
8.747
11.541
3.721
8.139
14.266
12.984
6.603
6.672
3.741
5.079
12.658
12.859
7.074
15.414
11.129
9.028
4.472
3.544
10.288
17.607
10.724
12.303
17.394
9.042
8.595
12.142
16.244
19.816
20.241
17.883
10.835
4.489
21.337
15.769
20.705
21.434
19.326
15.357
22.580
22.636
22.647
14.548
5.716
21.807
17.577
21.928
19.681
16.281
20.444
17.402
6.375
9.421
21.437
20.442
5.683
23.583
11.792
12.109
10.384
11.250
21.863
14.289
21.480
17.891
27.434
11.736
14.610
7.986
27.152
19.604
26.762
29.067
23.639
24.056
25.900
26.273
20.087
19.212
12.894
8.607
22.663
26.408
26.866
29.674
28.897
15.099
20.824
32.138
31.021
9.941
32.177
20.225
30.537
15.392
21.474
19.441
21.662
30.943
26.267
32.538
24.424
26.083
27.293
30.674
29.104
14.790
26.538
8.570
9.444
22.063
6.230
25.996
10.564
3.877
5.982
7.849
4.478
20.127
20.975
27.041
31.422
32.040
29.314
27.768
29.678
27.148
16.143
11.184
19.849
7.905
9.587
17.091
28.971
24.362
30.652
28.601
28.586
23.889
26.213
27.738
22.094
15.325
23.294
23.365
12.528
12.212
5.170
9.001
4.540
12.790
23.750
30.971
28.531
17.415
2.576
5.335
20.110
29.279
22.737
28.799
29.493
30.411
23.786
15.969
4.070
20.513
27.149
22.133
7.688
19.049
23.948
25.451
15.159
13.289
21.020
24.620
21.363
27.501
18.433
20.317
14.526
14.488
27.045
26.994
27.078
26.753
13.771
19.987
22.840
19.349
12.712
3.163
25.809
24.094
20.729
13.351
3.639
10.606
19.372
16.891
11.630
17.759
10.729
23.474
23.818
22.653
14.507
17.314
2.504
7.369
22.105
19.425
21.532
16.922
19.514
2.175
20.258
19.100
6.074
8.928
5.210
17.259
4.261
6.178
16.864
3.056
10.838
10.142
7.023
11.370
5.722
15.240
14.213
2.949
15.220
3.830
4.362
11.445
11.510
10.734
8.123
1.107
12.995
11.150
10.850
13.762
13.511
13.332
12.848
13.104
11.957
12.476
6.711
1.273
4.113
8.440
7.095
6.223
2.386
6.325
2.155
1.624
2.693
3.589
6.832
4.613
8.875
2.644
0.550
2.748
6.604
8.938
9.160
9.000
8.878
7.103
6.152
7.465
7.905
3.261
6.307
7.043
7.030
1.694
4.146
1.181
2.417
3.917
5.339
4.332
4.849
1.420
2.653
2.737
3.718
4.116
5.093
2.810
3.567
6.440
5.464
3.066
0.781
3.701
3.876
2.094
4.704
5.121
1.907
4.160
4.843
5.383
1.560
1.734
3.016
1.728
5.956
5.407
6.150
5.936
3.174
2.917
1.810
1.523
2.476
5.360
5.436
6.518
4.923
3.114
5.870
4.876
3.422
4.655
3.245
4.062
5.869
7.338
3.770
3.184
3.819
8.939
5.511
5.166
9.518
7.464
3.639
4.531
5.537
9.041
3.989
2.454
6.513
3.282
7.323
10.187
5.630
7.049
6.997
11.773
7.815
6.258
9.574
11.607
4.378
7.912
9.799
12.631
8.780
6.127
7.716
9.817
11.014
7.065
13.949
12.643
5.956
14.493
12.607
13.028
15.626
16.056
14.710
6.014
6.109
7.371
5.364
9.169
14.756
10.444
5.173
13.047
14.159
20.014
13.479
5.432
17.288
9.590
11.883
13.669
6.162
9.677
10.171
8.027
13.130
19.526
8.140
9.548
10.061
20.438
16.578
13.193
17.159
11.007
11.539
12.716
11.574
16.560
18.912
9.304
2.828
23.692
11.586
21.947
20.233
19.415
25.631
5.900
6.688
25.732
7.803
21.235
25.386
28.642
13.203
12.159
22.531
7.536
20.992
19.749
14.944
26.927
25.773
25.455
12.761
18.367
27.226
19.083
3.831
8.776
15.008
16.201
24.191
21.411
10.450
23.692
31.030
13.978
20.952
17.825
21.617
18.886
13.025
17.081
18.229
22.793
19.741
8.992
11.751
6.645
6.127
3.447
14.616
27.337
29.595
29.111
29.263
28.578
22.815
11.691
14.979
28.866
32.708
5.883
17.093
24.051
26.821
31.823
31.646
32.447
19.568
24.791
15.125
7.978
20.745
18.493
22.745
17.655
10.862
22.105
19.322
22.831
12.339
22.113
22.260
26.486
23.295
25.992
21.561
17.523
24.867
30.104
31.629
32.032
31.165
30.467
30.707
22.292
29.016
20.844
28.658
28.246
24.635
12.002
22.473
24.651
28.001
29.191
15.433
22.881
29.659
29.899
29.576
28.572
16.552
26.732
27.871
26.622
23.313
11.096
26.967
20.682
11.113
20.159
14.229
23.471
21.532
18.251
24.612
11.076
18.711
26.907
26.267
12.231
16.617
15.354
9.960
19.824
12.208
16.772
15.558
19.791
17.386
16.686
23.951
24.000
23.071
15.078
21.977
15.936
9.149
10.238
17.770
6.537
15.153
15.879
6.383
8.508
14.724
6.032
10.799
20.722
17.982
19.544
20.303
19.880
18.878
4.663
11.255
16.004
10.285
3.211
14.912
15.670
15.420
6.429
2.978
2.710
6.845
12.393
2.508
1.951
8.904
4.273
7.542
5.459
12.905
7.233
10.063
14.237
12.284
3.324
9.401
4.674
4.826
8.089
11.136
11.238
2.068
3.018
0.925
2.364
5.079
8.106
2.634
0.583
5.155
2.902
0.976
9.659
5.878
1.256
3.235
6.992
6.788
4.510
2.351
3.899
3.689
5.064
3.205
2.594
4.119
4.082
7.806
3.129
2.998
7.134
4.960
7.594
6.382
6.798
3.842
7.379
7.090
7.188
7.018
6.959
2.871
5.178
6.162
5.803
6.251
6.553
6.503
6.638
6.318
6.218
6.357
6.252
4.235
3.065
2.552
5.673
2.897
3.399
2.475
1.697
1.197
6.413
2.902
2.299
5.969
6.500
