19910101
1.771
1.074
2.218
3.614
6.292
5.116
1.765
6.183
5.742
4.171
2.688
1.620
1.186
3.290
4.994
7.171
7.588
7.626
7.796
7.763
7.427
7.764
8.367
8.284
6.265
8.501
8.603
8.979
8.983
9.283
9.376
9.325
9.678
9.693
5.134
6.268
6.468
10.494
6.837
9.723
5.571
10.715
5.993
8.157
8.057
8.767
3.077
12.816
9.117
4.960
5.678
7.233
4.896
9.349
6.997
8.123
7.449
7.192
7.180
13.748
10.701
5.572
7.638
6.827
11.682
9.617
8.600
11.925
3.895
13.623
7.350
17.139
17.615
13.718
13.918
17.623
3.302
12.584
4.508
13.783
12.152
7.015
11.948
14.947
4.358
4.898
9.540
13.212
11.631
15.439
19.330
17.541
11.440
11.217
13.682
5.555
20.241
14.640
9.556
24.223
24.236
19.893
13.329
20.700
14.605
9.535
7.938
8.900
16.798
24.277
14.611
19.262
11.044
15.473
23.924
24.447
22.075
20.368
5.050
16.203
14.073
4.846
6.026
7.807
14.002
8.459
9.665
17.394
17.253
24.171
3.419
3.045
12.598
17.311
4.190
9.573
11.341
5.512
14.460
6.496
9.417
10.118
4.040
8.469
16.688
3.887
19.313
12.436
9.992
16.247
26.220
10.407
18.198
7.515
6.776
21.931
6.537
10.109
4.904
23.286
5.075
13.176
9.346
9.421
14.317
31.271
16.300
1.799
16.823
20.164
22.268
23.177
16.559
30.011
9.349
17.006
23.393
2.248
27.864
17.749
30.091
31.393
32.109
29.795
29.379
28.704
31.248
29.399
30.074
14.770
24.384
21.595
25.598
16.997
2.428
21.062
30.182
14.437
22.776
19.925
8.166
11.842
18.692
22.743
20.158
3.341
8.350
3.439
15.593
26.433
28.082
10.515
3.185
2.083
1.616
12.491
20.497
27.626
28.314
25.513
20.354
11.824
22.132
24.797
26.767
19.326
26.176
26.026
26.356
17.233
21.732
18.723
25.422
25.428
15.666
16.779
19.978
24.520
15.207
22.702
22.733
24.623
24.284
23.782
19.905
21.734
23.159
23.020
22.533
14.327
20.073
22.115
22.232
18.224
13.831
9.218
18.418
10.668
18.250
6.999
19.451
19.555
18.157
18.955
18.109
3.843
18.647
18.197
12.147
2.638
17.610
10.831
10.078
10.008
8.969
16.591
16.600
16.039
9.501
14.323
7.672
15.195
15.150
14.489
9.581
11.425
11.996
10.944
10.700
5.088
4.824
3.295
3.974
5.513
8.239
8.863
9.600
5.579
5.649
5.485
10.931
10.783
11.135
10.826
10.657
7.749
9.706
1.373
9.732
1.608
2.469
8.334
3.464
3.119
7.572
8.055
5.581
2.075
5.074
1.573
1.981
4.062
3.567
2.342
1.799
2.645
2.328
3.728
2.170
6.846
5.940
5.009
5.252
6.695
5.019
6.329
6.234
6.049
3.900
2.383
2.777
3.026
5.619
5.916
5.936
5.924
5.903
5.851
5.625
5.620
2.670
0.818
0.725
1.058
1.033
0.288
5.448
1.323
1.309
2.311
0.718
3.505
5.684
5.706
5.972
5.762
5.747
6.112
5.653
2.278
5.444
6.215
6.085
2.968
3.841
6.472
6.522
2.449
6.501
4.305
6.934
6.722
6.675
6.478
2.883
6.258
6.800
7.317
5.015
4.250
2.964
4.910
8.397
4.859
8.300
8.303
8.867
8.612
6.996
4.159
1.376
3.764
5.328
7.748
4.608
6.397
4.651
3.884
4.755
4.002
7.254
9.396
3.533
7.889
12.449
9.747
8.533
11.206
6.398
12.172
5.448
8.693
13.636
9.079
7.219
10.827
11.084
13.772
6.804
10.713
4.698
14.660
15.458
11.461
8.070
7.305
16.035
7.892
4.893
3.403
7.517
17.525
11.015
12.509
3.394
8.055
7.196
6.986
8.898
9.547
15.846
9.363
6.296
9.802
13.044
14.594
9.580
15.773
9.948
6.198
6.900
8.463
8.215
12.345
10.120
23.858
23.140
23.454
8.805
23.525
8.511
9.927
15.571
12.763
2.269
9.610
26.134
13.055
5.450
19.424
25.942
23.989
16.394
7.492
7.190
7.423
7.601
23.737
5.183
4.654
7.186
9.500
7.611
6.791
7.990
9.243
4.283
11.278
13.086
9.360
21.390
25.045
6.935
6.561
16.569
17.736
15.065
21.853
16.706
19.613
21.143
9.231
11.582
6.726
7.577
7.717
11.350
18.415
19.627
9.502
20.730
22.663
23.062
25.255
17.508
12.169
26.241
13.915
5.590
5.891
8.559
9.451
9.628
5.707
17.447
2.153
23.102
23.436
20.775
28.724
22.742
6.711
25.785
31.826
31.917
24.647
25.667
22.207
22.679
19.777
13.282
3.502
15.463
17.491
23.564
20.058
22.283
3.382
25.734
19.988
23.317
20.179
24.123
29.661
27.732
7.139
21.143
27.972
13.710
19.766
29.014
22.244
20.096
28.920
19.249
27.954
28.353
21.165
19.897
27.547
24.838
7.954
22.091
19.256
25.804
27.364
27.266
12.397
20.885
14.265
25.044
11.204
19.876
23.298
25.552
25.812
24.993
17.465
20.335
22.127
23.713
15.253
24.320
16.123
23.393
23.233
22.137
12.559
19.930
15.710
22.911
13.962
8.129
5.276
22.356
19.770
6.521
8.505
9.760
15.718
20.310
19.627
8.598
9.538
20.084
20.076
20.023
18.980
17.163
17.634
18.752
10.491
4.168
12.669
17.647
17.949
9.536
7.407
2.737
14.130
12.516
8.429
4.081
10.445
13.448
4.755
14.916
12.228
4.394
3.971
10.553
11.985
14.188
11.106
2.715
1.287
5.272
9.907
7.369
3.069
7.919
11.358
5.777
3.219
4.650
4.770
7.485
8.371
5.724
2.267
4.627
4.331
1.081
3.707
3.791
6.798
9.385
6.054
8.828
5.388
1.541
6.519
3.206
7.667
3.427
1.541
2.372
4.735
3.593
1.974
1.066
1.265
3.945
7.109
5.355
1.893
6.480
1.533
0.815
3.564
3.012
4.043
0.976
3.170
0.785
2.002
1.597
1.938
1.875
2.820
4.110
0.655
3.474
5.711
5.748
4.146
5.632
5.675
4.870
4.820
5.235
4.311
1.951
5.312
5.492
5.823
5.852
5.956
5.901
5.945
5.964
6.203
6.120
5.249
6.072
6.169
4.018
0.892
1.637
5.863
5.412
3.184
5.435
6.005
1.945
6.241
7.044
7.198
7.172
7.122
6.562
3.644
7.436
1.380
7.633
1.737
7.286
2.088
3.358
6.911
6.126
8.962
5.477
8.926
9.467
9.677
7.135
10.161
4.095
6.687
6.848
10.075
10.401
7.164
11.545
11.753
12.054
7.917
2.301
10.179
7.104
3.342
3.786
7.047
7.634
9.329
9.303
14.186
11.960
10.598
9.281
11.937
6.886
6.887
12.962
5.333
3.332
14.443
14.966
17.724
13.024
11.973
8.135
8.507
10.055
12.465
3.776
6.224
7.079
8.554
9.171
7.719
5.289
4.771
6.672
12.821
11.436
14.402
18.015
22.889
13.030
9.873
4.072
9.491
15.079
15.983
23.118
8.279
5.087
15.275
10.228
7.288
8.358
11.569
23.695
14.651
5.901
13.737
10.925
13.890
25.740
22.339
26.298
24.303
26.824
24.145
21.844
27.148
12.294
5.977
8.203
22.008
9.757
4.838
4.701
7.324
9.462
12.720
6.779
9.203
19.724
21.482
19.737
20.865
23.206
11.332
6.903
19.006
17.624
17.018
21.031
6.445
22.828
24.952
20.436
27.257
29.392
23.560
8.201
9.670
10.214
18.930
28.249
18.089
7.829
9.619
15.842
23.705
10.616
10.643
21.294
29.301
6.195
11.191
23.275
19.155
18.127
28.580
3.292
31.104
30.846
7.080
13.748
24.796
8.768
3.546
16.008
7.084
6.478
5.293
30.947
32.232
32.109
18.083
26.503
30.099
26.850
3.970
30.197
25.330
30.912
19.688
3.733
19.084
22.572
10.849
14.647
26.265
29.165
29.054
13.533
6.279
17.546
11.151
25.146
19.182
10.024
9.078
26.532
11.294
28.910
20.346
5.264
14.417
24.574
18.693
22.022
26.761
17.291
19.320
15.698
24.752
10.358
22.921
26.600
25.858
23.501
18.651
25.334
21.649
19.427
24.661
15.887
24.396
21.925
16.294
7.985
5.256
5.899
8.252
4.222
18.962
22.175
2.330
4.530
20.713
15.158
4.592
2.391
15.256
20.855
15.788
16.920
8.679
19.506
15.660
16.131
18.410
13.396
10.911
15.375
11.937
18.273
15.088
12.269
17.763
15.354
14.941
7.598
2.752
16.554
8.658
4.017
16.061
12.454
5.812
14.500
12.813
12.736
14.117
14.749
10.449
11.115
13.867
9.343
10.590
12.374
10.587
9.248
11.980
7.085
3.355
7.796
9.621
1.748
2.348
3.334
4.300
3.333
4.024
6.018
4.724
3.764
11.023
10.900
9.678
8.322
9.459
9.699
6.906
5.135
4.900
2.299
4.761
7.815
6.548
5.147
6.867
1.296
3.349
2.280
4.153
5.422
6.292
5.958
7.111
5.289
6.970
5.802
5.552
4.167
4.708
3.968
3.830
6.652
4.261
3.656
5.603
6.338
1.105
6.210
3.553
1.567
5.638
5.736
3.686
3.429
5.852
2.392
4.014
3.285
1.208
4.002
3.493
2.346
3.003
3.758
4.051
1.299
2.027
2.280
2.526
6.027
5.830
5.555
4.185
0.975
2.113
5.012
1.015
6.283
3.762
4.358
3.530
3.057
5.899
2.684
3.657
4.041
2.603
6.097
5.865
3.404
7.636
7.900
7.315
5.671
7.921
6.258
4.450
2.689
1.311
7.991
2.085
6.719
8.978
3.882
9.043
5.326
7.755
8.066
8.745
7.283
2.974
2.395
5.336
5.202
3.123
6.673
6.764
10.264
10.888
10.877
7.045
11.984
12.125
8.994
8.670
10.402
11.656
6.526
10.549
4.497
8.974
9.829
4.377
13.276
13.065
11.462
7.178
3.673
10.522
7.321
4.277
7.007
3.589
6.769
12.497
13.054
13.788
9.955
6.423
14.334
15.971
9.467
17.921
6.353
14.497
14.607
17.304
3.263
12.335
15.237
12.947
10.643
11.278
16.478
9.287
10.866
17.493
12.447
16.996
21.796
11.578
7.844
20.916
7.686
6.303
3.430
8.262
14.687
10.259
7.534
6.385
10.695
16.561
19.887
20.708
17.305
18.916
18.153
4.714
13.803
8.674
14.390
20.665
2.657
21.409
19.020
21.702
6.460
15.949
28.820
21.457
28.071
11.559
22.938
26.619
21.899
22.078
20.032
25.623
24.677
21.428
3.910
7.207
19.307
15.597
26.120
9.466
17.666
14.454
21.799
17.260
20.080
8.322
21.751
16.952
21.165
6.953
9.775
10.248
12.639
11.911
22.059
3.088
18.015
10.036
3.836
26.907
11.326
31.914
32.014
27.576
31.734
27.248
10.826
18.166
25.916
30.730
30.710
23.165
24.268
28.700
27.719
16.590
22.054
30.355
14.083
31.257
30.065
24.854
21.001
11.066
24.122
18.242
20.986
22.579
28.453
24.047
23.451
22.126
13.611
26.230
21.080
16.092
5.012
4.695
12.380
22.483
26.562
23.557
9.304
17.213
26.543
18.727
18.683
26.038
25.546
21.919
24.060
27.950
28.428
23.845
27.283
20.080
27.209
26.615
17.616
18.557
19.679
18.737
27.365
6.936
10.674
18.591
11.851
23.157
25.363
24.894
25.197
20.658
2.119
18.224
24.261
22.228
5.040
22.458
18.291
18.722
4.650
2.807
20.806
22.643
18.020
20.654
21.903
15.811
10.040
14.736
19.725
6.121
16.645
9.733
12.756
2.482
13.126
4.023
8.362
9.609
17.670
7.308
18.042
17.787
7.417
5.203
11.642
17.356
13.365
9.000
14.700
5.022
2.638
16.335
10.801
16.517
6.926
15.269
15.643
15.206
14.938
15.131
14.591
14.186
13.946
6.665
11.210
13.211
12.490
11.712
11.480
3.181
4.660
11.742
6.195
11.554
4.295
8.953
4.147
10.569
5.788
8.216
7.408
7.711
8.466
5.355
1.078
8.229
8.882
1.789
1.050
1.997
3.262
4.445
3.923
1.950
7.919
3.287
2.334
2.780
6.947
5.334
6.254
6.894
2.235
5.564
1.535
5.295
5.438
6.602
6.556
4.385
3.379
2.189
2.351
1.709
6.067
5.772
1.301
0.449
4.436
5.790
5.854
0.869
5.681
5.032
5.057
5.762
3.254
1.391
2.084
2.082
3.204
4.095
5.460
4.932
5.420
0.897
3.081
2.086
5.741
2.538
3.745
2.681
4.995
6.414
6.530
4.537
6.634
3.082
1.023
1.069
2.608
3.448
7.238
5.536
7.262
7.640
5.867
3.345
5.793
5.352
3.371
4.312
6.779
1.559
7.497
3.681
3.568
4.194
4.587
9.325
6.727
5.430
7.515
4.433
5.339
8.743
7.637
6.241
4.100
8.220
6.535
6.862
9.112
5.416
6.122
2.920
6.647
2.082
12.087
5.498
4.581
8.795
2.894
5.624
6.309
3.696
6.932
8.634
7.945
9.104
13.305
4.422
16.261
9.524
14.070
15.444
14.494
14.252
8.541
8.970
11.839
9.818
8.147
17.354
15.320
6.408
6.442
5.608
6.561
11.967
14.658
9.694
11.544
8.829
7.457
16.603
5.280
11.798
19.386
2.847
7.850
12.171
17.754
7.621
4.953
7.753
7.758
11.330
13.199
7.439
5.036
6.693
14.397
13.143
14.326
15.725
12.220
19.821
4.037
12.081
21.814
13.476
18.760
7.104
5.376
11.053
12.758
12.001
8.485
17.443
21.549
28.660
17.387
10.825
18.518
17.725
23.132
4.995
7.222
8.332
21.244
3.623
6.205
20.023
24.287
17.575
16.138
8.920
7.924
10.384
15.496
21.646
24.649
26.549
21.568
14.181
8.216
15.209
8.625
2.721
2.827
12.489
9.583
9.716
6.007
3.311
5.870
6.885
5.678
7.592
3.090
10.159
8.470
12.310
11.055
11.389
21.185
11.384
16.405
31.324
29.919
2.626
6.871
5.023
5.959
5.899
24.443
13.778
21.811
14.094
31.791
16.045
17.161
24.387
11.900
17.075
31.308
28.412
30.743
24.603
18.609
27.454
25.748
28.234
15.922
14.853
26.396
24.485
27.683
30.390
27.061
28.629
2.333
20.027
29.732
29.236
22.680
13.171
18.901
15.414
19.902
28.526
28.320
28.915
28.893
27.096
24.056
15.951
7.954
3.532
5.343
10.272
22.511
11.262
6.717
16.343
12.899
15.611
20.675
12.413
12.393
13.136
18.625
18.284
21.445
4.572
7.048
22.657
3.655
2.696
5.626
8.446
3.267
18.828
16.662
13.734
16.986
14.844
19.694
19.741
18.679
18.527
15.142
17.744
13.250
2.546
13.055
15.971
15.506
17.448
11.124
13.632
2.537
8.052
11.638
10.631
15.899
13.197
17.440
5.304
10.358
11.015
5.329
16.674
12.013
15.075
14.320
12.024
13.917
14.734
14.619
12.159
15.115
15.100
14.555
13.934
13.267
13.867
13.750
12.354
9.692
12.287
6.077
7.581
12.728
12.808
12.645
11.707
10.947
9.080
8.327
4.100
2.147
9.295
2.003
3.962
2.389
5.640
7.896
8.575
4.272
6.393
4.712
7.772
8.036
3.842
1.072
6.496
2.844
4.410
1.859
5.247
5.975
7.825
5.883
2.557
3.123
7.221
6.433
5.283
2.678
3.323
4.782
6.113
4.833
1.700
3.696
3.700
6.466
5.733
5.921
5.937
3.816
4.666
1.840
2.147
3.220
3.372
3.056
3.288
1.048
2.359
5.208
2.183
4.709
2.449
1.467
1.039
0.977
1.967
5.686
5.248
5.787
2.650
2.226
4.587
2.023
6.540
5.940
3.474
4.740
1.595
5.326
5.201
5.405
4.573
2.725
2.207
6.533
7.207
7.204
6.765
7.540
7.637
7.870
7.262
5.788
4.797
4.530
4.411
3.591
5.426
7.668
4.187
9.606
9.416
5.468
2.524
4.278
6.740
10.384
10.194
7.946
6.792
6.157
7.874
9.352
10.640
3.132
7.118
2.996
4.479
7.636
5.501
8.220
6.601
8.010
12.461
14.282
9.233
11.555
6.803
12.354
15.204
5.846
8.979
7.229
10.557
16.814
9.137
14.334
12.356
13.849
8.783
14.974
11.179
15.266
11.696
13.468
8.847
4.931
5.404
9.615
14.438
12.504
9.768
2.553
8.793
10.340
10.795
7.021
22.899
15.393
14.268
15.366
13.197
7.695
12.129
10.474
9.468
9.318
22.163
21.446
14.002
14.826
7.249
6.079
12.608
19.317
19.309
26.842
26.104
16.550
9.900
12.968
27.131
25.734
11.407
4.141
8.120
5.148
19.881
20.523
16.353
11.021
15.482
26.617
5.057
24.496
15.496
9.280
9.504
17.349
4.572
12.216
9.902
2.943
2.819
3.872
8.771
8.912
21.879
29.659
22.821
3.321
22.197
21.258
10.099
25.836
6.608
29.785
5.887
19.174
31.773
28.824
28.547
12.376
21.687
23.306
8.655
16.956
29.736
31.465
30.094
30.075
26.417
24.734
27.028
2.670
31.899
32.643
30.469
32.424
30.566
27.595
18.712
13.496
4.076
6.323
17.160
13.319
12.157
17.482
12.328
22.918
20.521
9.748
10.689
19.591
22.128
25.786
8.477
10.045
9.214
14.685
3.866
15.092
12.587
23.047
29.162
19.620
15.273
12.557
26.454
27.301
30.869
29.591
30.520
29.471
24.656
21.611
24.274
25.144
13.053
24.184
15.841
24.734
17.228
23.265
6.631
24.957
28.047
20.677
6.618
21.052
28.051
22.004
7.334
4.357
10.903
18.079
17.347
15.610
24.128
14.010
25.395
24.840
16.033
21.486
17.059
10.306
20.764
17.407
15.704
3.889
11.185
11.405
7.447
9.057
4.642
6.013
7.632
2.779
18.458
2.621
10.483
17.046
17.775
20.788
8.895
10.795
1.808
5.193
6.880
7.004
6.913
15.881
8.363
9.079
13.152
1.227
3.573
18.908
6.561
12.589
4.566
9.425
17.644
16.968
1.848
6.852
12.372
5.221
4.099
6.128
6.842
1.524
4.061
9.293
11.354
5.495
11.256
11.192
4.981
1.375
3.747
4.501
5.193
0.596
3.142
12.647
12.124
11.913
1.485
10.692
3.412
2.229
6.974
7.800
0.798
9.916
6.601
9.935
3.847
9.463
4.221
8.635
9.391
4.940
6.652
7.041
3.933
0.947
4.534
2.685
3.456
5.164
7.048
3.252
5.413
3.562
7.303
3.076
3.981
1.330
4.055
1.919
5.955
5.468
1.399
1.823
5.440
5.944
4.218
2.564
2.591
3.184
5.293
2.541
2.238
2.348
2.336
1.568
5.892
4.089
3.717
1.718
2.585
1.220
2.556
1.611
1.899
1.957
2.824
5.161
5.383
5.902
5.409
3.704
3.787
5.269
2.786
3.630
5.077
3.432
4.525
5.440
3.971
4.973
2.769
6.704
7.309
7.166
7.216
6.456
6.779
4.641
4.838
4.706
4.196
3.058
5.274
4.273
6.336
1.708
4.136
6.886
3.761
8.604
9.289
9.220
9.342
9.757
9.631
9.488
6.812
9.683
7.971
10.170
10.091
6.670
3.356
5.063
7.066
5.942
4.067
10.306
9.099
7.574
8.150
5.491
13.073
5.616
6.088
10.029
7.608
3.223
2.885
14.529
12.064
10.788
6.670
11.329
10.925
4.407
15.596
16.855
14.741
17.285
16.949
16.767
11.949
17.562
10.962
3.258
3.277
18.225
5.590
3.453
5.092
11.975
16.536
8.351
9.874
9.773
9.646
4.868
5.001
10.415
20.339
20.185
14.145
12.312
4.715
11.076
5.360
22.971
23.962
24.476
22.259
24.267
23.635
25.219
20.319
6.370
11.003
23.972
24.987
21.452
5.656
26.158
27.327
27.089
27.484
27.093
12.774
2.955
22.291
15.453
3.738
6.514
27.349
28.225
17.511
20.876
18.881
7.501
7.596
21.537
28.076
27.148
19.853
20.808
27.954
24.258
26.504
27.456
26.581
29.129
19.553
22.631
11.415
20.690
11.970
23.711
26.819
30.558
18.066
31.489
30.786
32.342
16.977
12.272
16.945
23.159
20.816
17.769
24.331
22.703
19.626
30.775
15.590
27.846
25.506
20.492
27.141
16.980
13.649
24.731
10.133
19.004
30.241
3.706
21.844
20.465
19.727
15.785
6.604
18.372
28.639
22.067
23.783
29.041
23.789
12.765
2.826
3.719
5.697
8.390
30.504
21.324
22.410
24.113
30.656
27.174
13.160
30.363
16.195
9.178
2.613
13.653
24.253
26.464
23.933
28.462
12.581
3.414
28.809
19.991
21.878
29.188
25.996
5.389
10.663
25.312
27.723
26.077
24.934
24.001
15.899
25.747
27.530
25.685
27.358
27.386
26.050
25.974
25.200
3.138
20.496
17.708
23.765
23.939
22.034
24.347
21.007
24.518
18.114
16.010
19.592
3.927
21.203
17.055
23.889
22.607
20.783
21.090
22.427
16.506
7.702
20.368
22.356
18.770
21.799
13.112
2.436
17.075
20.116
20.460
20.664
20.508
20.300
13.891
19.399
19.355
18.645
18.903
18.858
18.871
18.422
17.868
17.922
15.350
6.078
10.607
5.164
16.587
16.775
16.413
8.510
14.001
12.769
6.671
15.078
2.868
4.663
4.887
7.129
1.895
12.466
12.755
13.031
12.967
3.959
10.332
12.542
11.160
12.062
6.706
3.447
12.041
11.783
11.022
10.037
10.398
10.330
10.303
9.932
8.308
5.175
6.344
4.190
2.740
7.749
6.992
3.292
4.918
6.192
6.912
0.760
3.546
8.028
7.720
5.966
6.780
7.295
3.144
5.243
3.182
3.833
3.684
3.989
2.484
0.914
1.087
3.679
1.943
3.649
3.847
5.955
4.954
2.855
2.601
5.671
0.786
2.828
0.704
4.716
3.233
5.853
3.225
3.474
4.481
2.128
3.431
2.661
5.354
2.345
2.141
1.869
2.597
1.393
4.400
5.767
5.468
4.733
4.177
4.676
6.008
6.566
3.368
3.487
3.722
6.624
6.863
7.040
6.660
4.780
4.277
4.121
3.028
1.966
7.258
6.556
3.526
2.136
4.597
4.530
4.293
4.724
7.006
9.026
9.256
5.193
9.362
6.636
9.534
9.161
9.599
10.385
10.418
10.335
8.298
6.083
6.161
10.661
9.829
10.084
6.601
3.508
7.275
10.731
1.742
9.012
10.136
9.782
11.356
8.668
3.327
8.080
4.096
7.364
7.393
12.519
5.013
14.993
11.175
6.657
7.720
9.241
13.405
8.877
9.739
8.543
16.204
10.973
9.918
6.786
2.716
3.656
3.555
7.171
4.145
8.073
9.182
12.943
5.128
14.979
19.895
21.924
13.564
11.351
16.206
9.578
22.482
11.669
8.517
11.073
7.929
5.412
12.916
14.087
20.286
13.028
23.311
18.118
10.456
11.075
15.223
15.521
11.788
15.776
9.004
21.091
22.489
15.938
25.528
11.155
9.871
26.229
11.447
23.938
2.742
9.563
27.265
16.713
10.792
17.590
2.683
24.136
20.750
26.036
27.120
13.141
23.888
9.768
18.547
23.805
24.093
18.977
26.170
13.131
5.512
9.351
22.243
22.007
7.761
20.857
15.771
22.474
24.992
18.249
28.465
11.765
19.178
27.019
24.330
12.798
8.628
22.772
22.186
24.309
22.486
11.908
32.193
12.867
5.292
2.991
13.750
24.255
15.208
30.149
25.742
21.893
7.613
29.833
31.559
29.682
19.657
24.391
28.754
15.961
28.423
19.149
16.061
23.911
25.437
9.889
9.248
19.831
14.293
27.748
18.880
4.681
23.459
27.634
28.437
17.241
17.391
13.092
22.474
13.917
26.960
27.997
28.543
20.238
25.973
26.651
28.444
23.940
2.692
19.727
21.644
18.810
25.690
14.727
6.923
25.868
27.884
13.262
24.552
3.711
28.703
28.299
28.071
28.047
24.777
26.903
25.347
23.518
22.236
22.874
26.368
23.121
1.643
18.696
16.746
12.433
15.002
18.071
5.560
12.520
25.016
8.797
15.350
13.015
11.405
14.556
19.900
21.859
8.690
17.555
2.092
20.428
14.873
5.590
21.957
10.511
4.883
2.201
6.755
14.836
5.774
13.151
9.197
3.151
14.462
13.605
18.415
13.283
15.615
19.267
16.583
15.557
14.213
6.961
15.780
7.055
5.949
8.606
3.513
7.391
2.323
11.307
2.629
2.553
15.303
14.241
12.503
9.031
3.924
2.498
12.567
10.944
12.565
1.299
1.654
4.506
9.289
12.309
12.057
11.548
2.460
8.071
4.525
5.793
1.717
7.458
8.369
1.197
10.091
3.137
0.907
7.707
10.093
6.934
5.642
0.505
2.726
2.667
8.631
8.099
2.003
3.626
3.708
2.856
7.310
7.441
4.041
4.483
7.495
4.823
2.166
4.368
5.167
2.216
6.177
6.858
2.708
3.229
5.688
4.524
5.141
2.555
2.419
2.403
3.576
6.059
2.435
4.817
4.573
0.866
0.826
5.744
1.802
5.609
5.847
4.607
2.673
2.390
4.068
6.115
3.603
6.010
5.553
3.706
3.518
5.280
5.833
5.916
4.586
5.566
5.852
2.279
5.946
6.445
6.406
3.684
6.429
5.465
4.525
4.932
2.552
2.522
7.176
6.212
7.598
3.949
4.164
6.479
8.016
7.930
6.588
8.008
6.548
4.360
3.438
2.591
3.102
4.780
7.051
6.257
3.990
8.825
7.473
2.309
2.315
2.912
5.203
3.173
6.322
6.972
11.200
8.073
5.397
10.996
6.155
3.470
3.312
6.517
3.357
3.492
4.318
4.469
8.517
14.674
6.555
7.252
6.643
10.846
5.763
8.218
15.317
6.418
13.907
6.872
16.112
12.665
8.803
5.141
7.550
8.387
8.236
4.915
9.472
18.698
19.015
12.868
5.707
15.998
11.950
8.626
8.828
14.249
11.542
11.185
8.684
7.495
7.673
11.118
9.887
8.133
8.700
4.312
6.238
9.892
6.722
5.162
8.319
16.649
10.382
14.591
10.397
25.217
12.457
3.042
12.870
12.728
13.513
24.415
7.354
13.181
19.372
5.539
20.389
17.079
14.437
12.368
25.322
5.234
21.263
20.517
18.773
14.329
3.334
7.594
21.586
6.455
18.831
16.957
12.045
4.885
21.096
8.330
13.538
15.288
19.726
29.989
29.121
15.710
1.784
4.240
13.881
20.651
25.838
30.768
23.447
21.476
29.976
22.897
19.501
30.142
23.188
17.997
12.433
19.281
12.931
16.426
10.567
21.586
14.860
6.991
19.550
20.901
20.886
5.603
13.551
21.043
5.329
24.552
19.020
6.656
4.120
31.816
21.888
25.043
20.969
13.248
8.626
27.081
17.288
25.273
26.084
28.021
21.165
24.415
19.185
17.469
5.330
4.223
5.217
19.539
14.970
29.982
22.775
19.423
26.916
30.060
29.172
23.204
25.145
16.708
2.343
4.087
14.558
29.742
29.465
27.798
13.683
17.318
29.626
19.355
26.960
19.825
21.698
20.423
23.708
19.150
20.169
14.893
23.912
11.028
18.524
13.504
11.386
22.332
11.905
9.618
11.542
12.572
8.174
1.840
20.297
19.677
24.778
3.496
24.956
12.890
7.784
20.770
14.216
13.790
16.501
17.297
22.571
20.648
16.826
13.493
17.411
16.081
16.392
22.014
21.821
15.628
21.651
20.649
16.457
21.291
15.389
2.497
10.285
17.953
11.929
16.506
16.274
9.655
16.075
13.359
5.102
11.964
3.684
10.807
13.784
16.015
15.403
3.365
15.855
4.283
4.952
7.468
7.802
15.061
4.450
13.292
10.080
8.710
14.471
12.639
14.259
13.906
4.837
8.519
11.296
6.666
9.881
5.422
7.996
6.914
3.356
11.112
10.952
10.389
7.270
4.037
10.588
9.120
0.800
6.410
9.614
1.902
2.494
1.944
1.559
1.450
8.152
4.555
4.143
4.078
3.293
7.452
2.299
5.554
2.165
7.286
3.348
4.460
0.936
2.410
6.610
5.579
7.042
7.190
5.505
6.991
5.927
4.581
6.175
4.532
2.302
5.991
5.172
5.371
4.222
1.050
6.035
2.822
3.320
1.720
2.536
2.423
6.281
2.009
1.223
2.929
3.933
6.225
6.067
3.247
2.347
0.944
1.590
0.870
1.284
5.388
5.044
3.875
4.188
6.387
6.432
4.199
6.587
3.056
6.282
5.677
2.852
4.112
6.924
7.134
7.189
6.302
4.624
2.049
1.742
3.677
6.518
3.139
4.793
1.718
6.458
8.726
8.728
8.811
8.679
3.826
1.048
5.331
9.281
3.889
3.379
9.880
3.127
3.931
5.959
7.360
3.439
10.494
2.334
5.847
6.772
4.002
3.757
3.993
5.521
4.533
4.171
3.102
9.162
12.824
9.811
10.135
6.516
10.994
12.777
11.779
12.944
2.581
5.229
14.465
4.155
10.258
16.475
14.705
6.559
5.878
2.091
6.968
7.805
11.405
8.605
6.203
2.924
2.098
4.388
5.860
19.452
16.434
10.514
11.896
5.908
14.353
12.815
3.153
12.086
11.842
11.665
22.226
4.901
21.990
17.492
22.408
3.921
9.738
24.696
24.527
20.001
12.815
15.846
7.040
14.026
17.091
12.031
22.128
21.831
6.419
7.060
10.787
21.021
10.937
24.185
3.737
19.553
13.378
10.713
16.197
19.338
24.000
17.439
19.326
22.802
17.567
20.271
23.855
26.664
16.132
22.016
22.101
23.050
18.025
14.135
29.831
23.554
23.375
16.140
4.221
24.043
14.998
21.660
24.106
31.229
14.985
19.458
16.523
18.303
18.385
9.198
15.470
3.449
31.397
17.006
27.861
28.866
19.156
11.760
21.471
16.858
28.886
27.559
22.647
16.444
25.330
29.848
17.280
14.874
32.886
32.711
32.329
25.088
30.371
20.386
2.785
14.760
9.653
26.858
32.724
23.734
25.841
27.771
29.288
24.283
17.670
19.765
17.646
30.492
14.618
8.018
22.748
12.094
15.248
9.530
26.476
12.192
14.383
14.997
25.010
30.649
22.107
21.189
29.662
29.965
27.178
20.390
18.750
13.645
20.677
7.468
25.074
18.198
29.042
28.989
20.677
7.460
4.581
7.087
4.758
13.083
22.437
24.618
27.243
27.631
25.271
26.026
27.120
23.794
25.981
25.890
24.498
18.623
25.167
21.462
12.535
23.262
25.507
25.094
25.200
13.329
10.198
16.317
14.860
2.721
13.026
4.533
17.157
7.944
3.684
14.370
6.455
21.656
22.155
21.929
21.592
21.679
10.256
15.467
20.438
9.265
5.548
11.479
19.349
14.063
1.289
14.033
18.918
15.895
18.136
17.598
16.622
17.351
17.486
13.409
7.570
4.258
2.075
14.242
7.780
1.223
2.743
6.323
10.035
3.216
7.825
2.893
12.434
8.730
12.453
14.005
1.853
3.010
4.539
12.564
12.427
12.046
12.312
5.362
11.438
7.094
4.385
10.997
4.885
9.443
2.299
10.126
9.571
9.301
1.272
9.878
3.358
7.854
7.423
5.259
7.009
8.805
8.456
6.471
1.889
4.340
5.279
0.633
1.945
7.264
2.632
1.059
5.661
2.988
1.234
2.066
5.398
6.739
3.172
6.516
4.944
6.593
4.533
2.531
5.526
5.354
5.985
3.601
3.637
2.798
4.839
5.837
5.009
4.968
1.799
1.637
2.256
3.950
5.790
3.284
5.774
6.011
6.297
6.146
5.786
3.016
4.185
5.087
1.949
1.319
6.209
5.292
5.990
5.606
6.038
2.906
3.325
0.958
0.884
2.031
5.248
5.543
2.535
1.891
7.432
7.480
7.705
7.464
6.896
4.639
7.555
5.435
6.128
5.373
6.348
3.165
6.901
3.236
2.024
8.439
7.695
4.517
5.726
4.307
7.884
3.567
5.895
7.761
4.324
7.358
6.211
4.193
3.830
5.849
8.768
3.719
12.192
6.438
8.697
2.751
10.744
12.826
4.374
12.659
2.103
2.444
6.605
8.586
13.354
14.600
11.541
9.982
12.921
3.332
6.358
3.978
12.447
6.353
8.057
3.939
11.013
10.145
7.598
13.537
7.607
8.119
12.121
10.364
15.369
14.194
9.876
6.388
10.550
11.191
16.109
2.428
5.271
14.032
17.153
11.433
3.949
8.974
22.288
16.842
21.103
20.326
10.581
19.784
2.937
4.675
8.372
12.616
4.590
3.998
12.658
17.909
5.545
15.099
10.379
13.266
4.856
5.853
7.731
10.390
27.032
27.176
16.505
21.432
15.925
17.907
25.326
25.322
27.629
28.324
25.738
26.765
17.128
4.272
5.543
9.357
20.628
22.034
29.554
29.114
30.294
25.924
14.263
28.344
19.859
8.321
30.842
29.836
28.583
16.316
18.869
23.132
15.543
28.522
30.214
30.419
30.617
30.554
17.917
11.226
17.568
5.218
27.385
32.311
11.488
27.241
14.712
3.702
1.744
10.404
32.724
19.837
28.083
31.184
7.837
27.665
3.131
4.349
32.037
31.934
31.725
29.839
32.153
31.940
32.252
27.328
12.571
21.952
30.187
6.989
23.751
31.299
31.298
27.381
30.197
24.285
26.417
22.577
30.896
8.351
24.124
23.170
25.409
14.865
3.524
18.509
9.932
13.113
2.289
20.083
29.916
29.968
29.265
26.560
20.866
28.939
23.719
28.368
28.522
28.802
26.675
28.278
19.154
3.917
15.077
20.972
20.014
11.616
11.479
2.349
10.799
27.118
25.944
26.513
25.469
16.716
22.839
24.406
16.300
7.177
16.055
22.872
24.838
24.937
25.040
24.936
24.140
16.607
22.402
12.642
5.182
3.607
6.195
22.536
3.445
1.674
7.458
4.835
6.068
14.362
12.184
8.123
12.636
17.559
1.736
7.124
5.118
6.486
14.149
17.462
15.438
16.113
8.897
3.123
7.830
2.187
3.891
16.067
18.457
10.241
4.579
13.922
16.785
16.332
2.232
14.359
14.100
12.286
14.352
10.089
13.475
14.546
15.132
14.710
13.982
13.702
4.111
13.415
13.576
13.009
12.041
2.294
12.517
10.835
2.408
6.199
11.581
11.462
10.931
10.321
9.887
10.716
4.305
10.101
9.928
9.806
6.441
5.334
2.829
7.429
2.167
8.734
8.659
1.301
1.842
4.494
8.734
8.201
8.035
7.979
7.508
7.461
7.714
7.105
1.623
3.489
1.119
2.048
2.492
5.648
5.917
0.790
2.208
1.338
1.544
4.297
1.250
0.538
1.600
6.302
6.240
5.946
2.274
2.364
1.580
6.135
6.074
5.871
3.724
3.890
6.087
2.468
5.559
2.751
2.467
6.347
5.678
3.245
5.601
4.664
2.586
5.456
2.767
6.386
6.450
6.712
6.573
6.567
6.842
3.098
6.596
4.178
5.717
6.993
3.561
4.967
7.358
7.294
6.535
4.388
7.585
6.483
4.803
2.334
4.681
7.064
3.880
6.431
4.197
1.348
6.392
9.051
8.714
5.694
8.624
9.262
9.985
7.364
8.104
3.301
2.958
4.293
4.265
5.072
7.832
10.421
9.411
4.726
10.297
10.329
11.139
12.264
10.020
3.177
2.906
11.068
10.059
4.468
8.193
7.669
5.260
10.770
10.725
5.249
7.548
9.742
11.723
7.612
10.285
12.031
10.120
13.902
11.377
9.421
11.705
17.356
16.984
16.987
11.582
14.723
2.671
2.634
2.411
3.137
4.176
6.906
18.490
21.120
22.137
22.425
21.891
15.083
20.615
18.601
18.545
23.365
18.487
23.539
24.763
23.558
9.213
10.656
18.814
20.746
9.109
20.332
5.892
7.076
14.491
18.512
22.612
15.065
4.688
8.848
25.834
22.340
2.239
3.229
24.969
18.039
23.945
13.180
27.735
25.271
25.363
25.262
5.383
8.591
23.536
28.437
19.724
22.482
25.489
25.338
18.035
24.079
20.670
30.178
28.916
28.710
26.833
5.843
14.195
27.139
28.798
19.583
11.764
17.285
12.737
15.755
4.764
25.481
26.612
30.565
31.515
31.797
27.437
25.314
22.400
31.108
2.479
10.634
8.185
6.665
26.616
30.015
31.646
32.176
23.966
23.243
31.568
31.156
28.231
21.667
25.191
31.427
28.901
16.618
10.807
31.752
31.329
4.269
25.704
25.759
17.701
10.631
18.302
20.818
19.142
10.208
23.389
30.619
23.843
26.745
12.810
17.980
3.918
4.963
14.740
19.671
13.186
15.149
29.585
31.088
18.232
25.602
30.561
22.855
10.580
10.260
21.421
24.513
26.314
25.834
22.757
9.056
12.792
17.980
11.061
8.394
3.821
2.069
16.715
11.380
20.749
2.063
1.953
2.983
19.497
26.718
25.798
23.505
25.292
26.212
23.936
4.248
21.077
17.756
16.230
17.487
17.245
11.364
16.455
11.083
23.295
21.559
1.930
19.710
13.177
15.794
13.682
17.624
10.863
21.724
18.490
2.807
12.014
19.348
21.844
21.457
2.934
20.118
20.978
20.983
16.063
14.111
11.805
2.993
3.735
2.215
5.026
3.006
2.121
12.570
18.361
18.128
17.840
17.355
15.810
5.655
3.498
2.392
4.156
15.431
15.432
11.585
5.218
0.930
5.276
2.975
11.104
13.090
2.811
11.451
6.615
9.126
5.054
10.032
8.323
12.454
5.300
8.002
8.135
7.147
11.186
10.197
2.420
7.530
0.795
0.835
1.474
2.231
6.370
6.004
4.108
3.317
3.741
1.680
8.722
4.159
6.274
6.578
5.325
5.047
0.723
1.919
7.633
5.102
2.741
7.466
4.149
3.170
1.042
1.967
5.148
0.468
1.364
5.812
1.231
2.196
2.205
1.984
1.416
2.118
1.669
2.766
6.206
6.138
5.363
3.067
5.854
1.990
3.792
1.756
2.029
6.010
5.904
2.099
2.178
4.085
1.303
3.539
4.788
3.128
1.447
4.071
2.482
0.844
4.899
2.952
5.946
3.991
2.306
4.390
3.254
6.590
3.829
4.749
5.120
7.383
3.846
4.037
7.300
2.721
7.477
5.836
7.747
7.522
4.519
4.844
1.410
1.266
5.364
3.438
0.852
2.339
8.259
4.571
3.634
8.404
6.102
6.847
2.591
3.863
3.619
9.765
4.381
10.877
9.938
11.530
11.674
11.634
10.434
10.491
8.834
12.194
12.847
13.107
7.937
7.674
6.725
10.941
8.018
10.747
12.387
14.800
14.802
4.947
7.409
6.804
15.501
6.686
7.116
5.456
13.643
12.020
9.193
8.033
9.429
6.233
13.407
13.751
18.390
19.018
19.442
19.503
20.243
20.349
14.478
17.759
10.506
21.257
12.231
12.514
17.380
10.240
9.900
3.384
17.000
3.166
5.912
16.758
20.655
10.986
15.269
24.781
14.138
10.943
24.122
10.869
22.553
14.472
24.701
25.739
21.970
26.021
7.263
25.328
19.323
15.440
18.190
27.351
26.327
15.833
24.278
26.101
19.423
21.711
16.611
13.108
20.893
28.443
23.914
28.116
28.482
23.573
15.657
12.245
10.332
16.410
6.677
18.391
25.668
28.947
18.784
27.725
26.565
10.591
8.112
13.909
23.612
30.981
18.032
18.541
5.200
19.899
12.798
25.976
26.973
30.717
31.742
31.883
25.592
23.862
25.099
22.846
26.327
29.536
26.437
30.350
23.175
30.907
22.198
28.519
23.355
24.078
19.489
15.943
21.457
31.466
32.103
21.526
28.294
26.442
30.305
27.989
21.388
31.462
19.750
9.988
17.435
9.373
11.359
18.993
28.240
31.239
30.753
28.912
26.553
30.424
29.446
30.437
31.447
30.158
22.235
12.465
24.738
30.845
30.555
20.447
19.924
25.819
13.468
28.578
22.745
25.572
2.396
22.004
29.314
20.407
22.133
28.258
28.283
28.171
28.149
27.479
27.837
27.519
27.201
25.088
27.475
26.933
27.127
17.748
25.551
26.081
24.410
20.657
24.099
17.172
17.698
15.885
25.398
25.506
24.802
25.037
24.868
20.582
15.926
15.454
3.039
12.472
6.051
23.891
23.794
22.336
14.408
13.442
5.307
10.919
8.025
9.841
2.327
3.660
20.283
21.806
21.248
20.680
20.480
20.046
19.940
19.338
17.433
1.504
7.149
19.443
17.391
15.031
13.950
2.934
15.142
7.989
12.443
6.169
13.688
1.234
13.102
5.089
6.075
0.952
13.536
15.168
11.968
10.299
13.593
14.918
14.671
14.356
13.746
12.514
5.456
3.048
2.242
3.442
7.776
12.532
11.433
12.060
11.655
5.713
5.367
6.986
3.484
10.315
9.410
10.184
10.041
9.723
9.333
3.772
8.256
7.811
8.121
8.898
0.966
8.459
7.698
5.733
3.810
1.468
5.845
7.615
6.637
5.231
5.104
5.397
5.700
2.549
5.727
1.417
3.409
6.370
5.449
4.958
5.249
6.240
6.302
3.985
6.322
6.380
6.164
5.412
2.577
3.235
3.364
0.800
1.401
1.408
3.930
5.392
5.824
3.797
0.935
1.436
5.749
6.392
5.677
5.528
3.523
4.056
1.708
2.318
1.867
2.975
3.194
6.345
5.117
2.355
5.626
4.006
3.582
3.514
2.479
4.603
3.544
0.839
5.257
1.514
5.058
3.085
1.806
6.717
1.021
3.121
6.614
8.350
7.418
3.112
5.403
3.431
5.307
4.047
9.335
8.911
9.386
8.488
9.595
9.526
10.265
8.869
3.660
4.564
6.818
10.704
2.156
6.400
5.749
11.636
6.962
8.077
12.366
5.322
5.684
12.180
5.580
5.552
2.518
7.711
12.968
8.147
6.187
10.142
7.951
9.807
9.609
14.353
16.299
16.744
7.764
6.702
6.196
11.374
11.389
6.508
11.611
8.960
9.619
9.852
10.916
19.586
10.178
9.891
9.149
17.972
16.653
3.948
4.438
8.603
11.111
20.994
20.868
20.241
18.211
20.813
12.324
15.679
7.117
10.897
17.023
10.649
10.208
22.746
13.878
10.462
11.656
15.307
8.317
18.897
18.621
23.108
13.838
20.631
2.829
26.189
26.186
15.891
25.616
14.718
6.374
27.263
10.228
13.331
20.155
19.316
11.833
16.177
13.677
14.962
10.136
6.635
19.595
26.187
18.303
11.651
27.464
19.960
3.352
18.848
24.552
2.307
29.659
30.448
20.282
25.721
12.520
3.991
15.151
32.013
31.891
29.432
17.270
13.361
31.941
32.301
14.830
16.768
14.330
3.889
13.778
11.782
19.211
32.142
31.670
31.484
27.574
27.326
25.992
6.275
25.634
28.714
3.685
32.016
31.931
14.864
4.932
19.798
16.509
18.394
25.705
26.952
31.600
29.048
13.603
30.133
31.825
15.850
13.602
18.717
22.653
26.505
10.649
23.410
25.449
6.685
20.367
22.591
21.026
16.943
24.383
14.481
30.201
18.049
21.692
26.148
21.206
24.909
29.482
29.016
9.390
19.141
24.318
12.635
29.854
30.055
29.434
28.266
28.254
28.531
28.311
25.637
25.813
26.328
18.869
25.267
27.767
24.929
13.117
18.101
21.242
8.374
17.617
25.240
18.003
18.023
12.907
4.043
7.437
18.062
25.254
14.514
9.404
3.041
22.832
16.216
19.775
16.707
6.668
7.384
23.786
22.602
21.408
23.117
22.474
22.716
22.693
22.479
22.270
12.692
2.264
13.492
16.295
2.212
5.223
20.275
20.321
20.156
9.460
16.852
18.515
2.265
3.639
2.006
4.550
13.120
13.912
15.572
13.433
10.220
16.459
15.802
15.712
16.011
11.757
11.287
14.011
11.843
2.069
1.869
9.193
12.411
11.259
12.589
5.558
11.805
13.043
6.561
11.920
3.380
9.910
11.854
12.282
10.077
8.187
9.931
5.299
5.949
9.325
2.522
8.172
9.265
5.863
7.052
1.791
2.407
1.564
3.273
4.050
3.651
7.085
8.159
1.777
3.365
8.438
6.881
5.540
7.430
1.618
4.523
7.835
5.555
2.390
6.402
6.725
6.787
3.100
5.403
2.776
4.464
6.066
3.153
4.947
6.148
3.948
5.403
5.411
6.056
6.171
6.153
6.074
6.087
6.041
6.076
5.902
5.350
4.657
1.722
0.730
6.287
6.130
6.097
4.789
5.547
5.619
1.669
1.840
3.169
2.161
6.225
6.173
5.480
3.016
3.388
6.383
6.455
1.520
6.397
6.774
3.064
6.311
6.363
4.004
4.469
6.605
7.441
7.523
6.379
3.871
3.319
1.220
1.128
3.651
4.015
2.981
3.862
4.870
6.895
6.416
7.223
9.547
5.827
1.918
3.311
3.183
5.394
10.610
9.161
10.571
10.709
10.688
9.248
3.244
3.869
5.469
4.223
5.090
4.168
8.449
8.592
9.286
5.457
5.649
7.992
7.204
10.940
10.941
11.143
7.003
13.597
16.006
15.399
9.941
11.837
15.827
8.862
12.554
8.032
4.990
8.290
18.039
12.274
18.806
10.026
9.241
9.328
13.639
17.931
5.550
4.821
8.959
14.871
8.972
17.666
7.622
14.106
12.105
5.036
12.350
9.978
16.070
23.098
23.368
19.135
21.286
23.316
22.063
13.225
6.759
4.105
15.854
9.724
15.298
12.021
20.951
23.733
13.340
26.638
10.859
7.574
3.752
12.400
24.678
16.576
18.678
8.669
19.983
13.688
26.630
13.801
27.602
20.070
23.915
9.349
26.726
5.481
9.435
18.206
14.869
14.091
7.682
29.127
30.267
18.669
17.829
18.976
13.950
15.866
2.675
26.752
30.719
25.291
13.507
10.583
18.000
31.235
27.153
29.705
21.381
29.115
26.518
25.036
30.854
27.265
30.409
6.818
19.170
13.051
3.959
23.533
15.226
30.415
27.680
16.105
28.466
17.365
8.426
20.489
20.197
7.866
27.723
32.247
31.660
26.692
31.576
28.519
27.478
23.251
31.277
30.807
20.512
26.040
5.875
6.144
31.348
22.104
7.007
27.623
7.442
22.159
25.361
12.051
1.803
11.177
31.070
31.226
22.578
24.184
30.641
15.682
20.361
30.386
21.391
25.750
19.727
15.883
23.304
26.768
25.167
28.343
26.682
10.294
3.147
12.671
23.347
3.947
9.902
28.385
8.887
6.840
18.798
28.344
21.750
17.820
27.482
14.202
12.170
7.748
1.771
23.157
25.929
24.709
3.613
2.671
2.307
1.460
23.496
21.640
3.139
17.434
11.848
22.112
22.487
21.510
23.506
22.870
22.185
21.696
19.585
23.363
21.957
21.592
9.286
13.642
14.303
21.215
18.272
19.658
20.223
19.791
1.369
2.906
6.605
7.550
16.094
13.072
18.070
18.926
16.757
16.787
4.222
9.288
7.925
14.860
10.559
1.320
3.482
11.583
7.576
15.249
14.251
9.508
14.987
12.808
15.008
15.117
14.843
14.631
13.406
13.996
14.179
13.667
10.725
8.154
11.854
11.452
4.854
11.818
9.554
11.004
11.475
11.479
11.365
11.124
10.839
2.717
7.899
8.941
6.825
0.680
3.041
7.150
9.285
9.168
8.781
8.798
8.803
8.058
8.511
8.127
7.665
7.799
2.265
4.039
7.484
1.209
3.605
5.371
4.865
2.007
3.559
5.514
5.890
3.189
2.959
6.781
6.658
1.335
3.963
3.375
1.354
2.989
4.881
2.854
6.226
6.231
5.055
3.171
3.320
4.381
0.918
1.513
3.635
3.876
5.186
5.629
2.354
1.684
5.839
2.094
3.101
2.829
2.538
4.615
6.432
4.850
2.934
1.265
2.611
3.270
6.173
6.245
6.570
6.661
6.814
7.024
7.117
6.712
7.348
7.418
7.608
7.604
4.623
1.218
6.882
7.769
7.282
2.734
8.492
8.700
6.228
6.106
5.524
8.274
4.505
2.985
9.222
9.906
5.860
8.913
10.228
10.151
5.281
3.811
8.017
7.232
4.947
7.456
11.721
11.940
11.841
5.219
3.179
11.538
3.614
10.852
8.572
11.124
4.633
6.733
7.057
6.262
6.969
12.147
12.558
11.477
14.249
7.721
3.923
6.077
8.861
6.576
8.637
7.961
15.311
9.690
11.434
16.818
13.557
11.061
10.125
12.793
13.099
8.868
9.784
7.984
8.557
8.216
12.017
10.037
6.731
5.752
3.499
17.697
7.987
12.032
10.859
9.280
19.077
22.358
6.752
16.720
21.176
13.659
12.228
13.635
4.916
13.765
15.131
15.260
16.047
19.696
25.005
14.790
21.759
26.282
19.103
19.287
22.854
16.178
12.409
20.641
8.182
2.916
3.973
23.075
27.373
23.504
28.381
27.456
20.391
21.726
25.009
14.713
6.240
22.669
30.208
18.330
22.865
4.914
27.065
28.362
21.497
12.732
25.406
15.468
14.848
27.443
3.091
9.991
25.120
20.530
17.481
10.445
6.344
6.526
19.779
12.542
15.957
14.342
4.947
19.453
11.072
26.445
31.948
31.948
31.293
32.752
31.062
32.317
32.424
31.117
24.435
30.512
30.412
22.176
22.547
11.524
24.730
15.380
30.576
28.646
25.756
30.105
25.156
11.672
22.084
31.615
31.687
31.423
29.973
29.219
19.311
5.930
20.664
28.897
28.610
30.773
29.204
29.526
30.403
30.214
31.448
31.375
31.063
30.105
21.529
29.250
21.128
28.191
22.521
29.588
26.992
21.924
18.688
15.125
25.035
24.057
9.340
14.460
3.349
4.786
17.432
4.732
4.401
23.179
6.498
23.368
15.271
8.214
15.078
13.692
22.252
18.126
22.270
15.915
18.449
4.588
22.302
17.454
23.163
16.764
22.938
20.385
19.760
13.039
13.768
3.209
23.535
23.825
21.542
18.967
22.461
22.705
15.505
20.450
15.278
23.021
22.138
20.313
21.714
20.963
17.836
13.602
15.287
14.758
9.386
2.529
16.605
17.691
19.656
19.006
18.848
14.341
1.181
3.454
11.750
15.409
12.958
10.077
13.374
11.852
2.329
7.584
15.861
3.084
15.987
15.836
15.256
15.137
13.710
13.558
4.574
13.927
14.216
14.062
12.126
11.416
8.948
8.555
11.355
8.300
1.639
10.606
11.034
11.087
8.197
1.312
8.386
9.354
1.392
10.547
1.935
8.952
7.122
9.440
9.682
9.309
1.212
6.914
4.663
1.063
7.295
3.674
8.044
7.821
4.697
3.439
7.064
5.035
3.198
1.648
6.091
5.225
4.320
4.610
6.179
5.708
1.277
6.257
6.727
6.595
4.103
4.624
5.006
2.064
4.063
4.505
0.503
1.787
6.125
4.315
6.026
5.898
6.043
3.170
3.284
2.311
2.918
6.010
5.632
6.125
6.015
5.896
6.039
5.671
5.159
6.045
5.774
5.434
3.951
1.326
1.449
1.517
2.396
3.624
2.872
3.597
4.201
0.991
1.424
5.436
4.708
5.607
3.779
6.781
3.994
4.125
3.543
0.510
4.050
3.235
2.633
3.280
3.901
5.592
5.223
2.284
8.916
3.149
7.735
4.557
2.010
4.954
2.384
10.011
5.321
2.360
9.390
4.314
10.699
8.131
7.135
3.668
3.002
9.493
2.630
8.343
5.929
10.881
5.665
4.700
5.299
6.880
7.781
10.481
4.732
4.743
9.733
5.992
4.678
7.889
3.016
13.437
5.437
7.768
11.836
2.797
13.918
3.884
15.524
7.387
11.157
5.944
10.673
12.818
12.871
17.180
5.996
4.620
9.623
15.122
10.278
10.778
12.891
11.245
17.900
16.161
19.991
16.221
10.069
12.777
18.507
18.850
5.537
19.284
16.143
22.018
15.938
21.653
24.499
24.126
13.323
24.394
25.431
25.500
25.522
25.904
6.110
26.288
26.694
26.782
27.075
27.089
15.927
26.753
19.124
16.453
27.220
28.023
26.973
12.536
23.539
24.905
13.599
21.719
3.023
24.723
22.710
8.053
29.697
25.850
29.059
27.401
25.789
5.742
29.224
7.160
22.444
30.677
27.241
23.844
28.580
30.093
24.792
18.297
26.694
26.556
13.045
3.224
20.340
24.132
8.680
8.514
26.677
30.108
22.317
24.885
20.480
21.423
30.548
26.477
20.302
17.057
22.451
23.259
20.604
19.522
19.148
27.198
27.212
29.118
14.312
14.458
18.510
15.593
16.925
29.804
21.677
18.690
29.779
23.611
26.426
3.184
25.512
15.911
18.367
13.904
31.235
19.800
1.972
18.327
20.619
21.139
30.797
26.763
31.007
31.173
21.923
21.018
18.991
19.689
20.034
13.696
27.761
15.105
30.027
18.365
27.945
26.728
24.784
15.193
29.302
29.174
17.844
3.126
25.941
29.123
28.493
25.117
4.774
16.131
13.309
4.256
23.241
26.366
18.291
16.039
4.812
4.021
13.811
9.403
6.642
20.366
19.204
19.320
21.711
23.399
24.830
24.277
22.930
7.991
1.984
21.564
9.092
23.084
21.578
3.018
2.492
3.237
3.722
5.211
3.481
18.990
2.773
20.204
21.552
20.940
5.807
16.867
8.939
1.419
15.883
19.942
19.833
19.470
19.088
18.909
1.886
2.171
13.029
7.725
16.461
12.958
16.209
16.008
16.495
12.132
15.503
2.297
16.478
16.190
11.873
7.332
15.324
14.248
9.024
14.503
14.346
14.065
13.620
2.382
3.881
5.259
4.767
4.944
3.751
4.918
5.331
4.104
3.240
8.067
10.451
2.635
2.111
10.594
10.303
9.858
1.025
8.926
1.571
3.147
4.813
1.849
1.977
2.836
4.376
8.543
1.985
3.703
6.273
7.025
5.228
6.522
4.703
4.192
2.999
4.047
1.398
2.731
1.577
3.298
4.499
3.381
3.083
2.866
5.822
2.621
1.256
2.246
4.729
1.786
1.403
3.724
4.751
1.261
1.805
2.781
5.200
6.145
4.009
5.996
5.977
5.946
5.946
5.749
5.964
4.333
5.931
6.086
5.350
5.964
4.688
6.322
2.206
2.201
4.352
6.382
5.226
4.806
3.084
1.786
1.225
6.789
3.249
3.779
4.598
2.062
3.745
6.033
5.263
4.093
4.911
6.641
7.302
6.665
6.005
1.020
8.090
4.713
5.551
8.625
2.021
5.408
8.299
5.485
7.577
7.708
3.221
9.739
5.749
8.562
5.161
5.863
10.819
10.528
11.080
11.527
11.725
8.606
11.117
10.213
12.640
12.683
12.862
6.574
7.270
7.533
5.164
5.298
4.651
6.812
5.384
4.493
10.890
6.234
1.604
5.595
5.450
7.436
6.788
16.178
6.149
6.577
9.580
15.755
15.345
8.934
14.348
4.243
9.216
4.613
4.516
10.500
17.883
10.993
4.875
21.134
7.840
15.276
8.678
17.170
13.674
11.889
18.559
13.223
10.372
7.674
4.191
6.170
11.289
19.078
6.215
17.472
13.512
10.035
7.926
7.449
10.251
21.846
12.426
6.583
14.400
16.266
15.985
12.354
8.982
10.835
2.366
5.394
10.203
4.948
19.005
16.246
15.541
10.282
22.896
11.704
23.536
20.681
21.209
26.754
26.659
20.425
29.560
28.622
29.273
22.768
25.820
23.637
25.002
23.114
17.415
12.731
3.379
8.883
4.174
6.182
4.459
16.592
18.587
19.165
23.579
31.157
28.764
26.282
27.752
20.667
25.206
20.651
19.059
12.571
5.395
6.727
4.556
21.476
21.614
27.320
20.032
14.612
6.161
15.750
16.118
8.959
8.805
17.920
24.056
24.863
17.630
21.330
19.003
26.697
26.428
17.029
22.156
25.939
26.235
30.170
30.377
24.496
20.079
6.529
31.638
16.330
5.016
26.660
30.904
30.315
28.608
4.829
5.272
1.841
27.139
30.803
7.215
14.950
23.327
16.292
13.357
3.935
5.696
29.417
29.312
27.499
24.217
20.721
26.899
26.049
26.416
15.361
20.412
23.066
16.902
15.566
25.170
26.309
3.823
16.606
27.376
17.906
20.504
3.322
10.168
2.069
12.659
22.839
24.637
15.516
6.240
11.479
17.732
2.977
23.692
18.909
18.269
24.161
18.821
22.822
24.042
19.728
9.293
15.352
22.007
15.405
22.077
21.716
1.242
20.017
22.295
9.213
9.486
7.674
3.688
2.603
2.992
5.986
20.982
19.840
13.265
19.142
15.156
16.416
11.937
13.086
4.734
6.520
17.962
18.129
18.075
15.777
13.051
2.985
2.297
5.209
16.597
16.022
8.683
14.039
15.126
14.943
14.728
14.646
13.611
13.585
11.827
2.364
7.447
11.840
4.805
13.013
12.335
5.674
4.319
9.802
11.561
11.955
6.524
2.372
1.604
4.005
5.531
10.029
9.665
9.777
6.821
9.793
9.101
7.098
6.958
8.769
8.593
5.115
1.065
2.292
3.117
7.289
7.907
3.174
3.683
3.028
7.437
1.216
2.149
7.382
6.801
3.104
4.784
6.905
3.019
5.761
5.517
2.967
5.280
6.597
5.471
2.672
3.938
1.913
6.131
5.717
3.646
1.481
2.399
3.560
5.985
2.897
3.327
4.180
1.692
1.614
0.572
0.442
1.840
4.888
4.340
3.136
6.308
5.904
6.201
6.089
6.304
6.094
2.000
4.213
6.635
6.348
5.009
4.329
5.279
6.697
6.971
7.011
7.016
6.945
7.188
2.526
3.811
7.308
7.000
3.002
3.154
1.027
1.673
6.123
1.645
7.485
7.377
8.573
2.953
4.177
4.029
8.549
8.599
7.276
7.231
7.290
9.635
9.216
5.409
9.487
1.986
10.008
5.339
2.865
3.722
3.975
4.757
11.500
8.655
1.651
12.526
12.131
5.174
4.268
5.297
3.418
2.086
14.370
9.528
4.950
6.520
11.296
5.509
3.581
15.176
4.181
5.697
4.437
15.679
8.669
11.115
5.796
8.609
2.527
14.349
2.572
7.922
13.453
18.771
11.202
9.639
14.290
20.522
18.617
11.471
10.389
11.665
11.726
13.230
3.450
6.425
9.117
14.858
19.298
22.554
15.193
15.789
15.590
18.973
23.719
24.095
24.584
25.058
19.835
23.439
25.226
25.471
21.879
24.674
20.175
20.195
23.305
12.603
24.892
8.110
27.444
27.242
24.686
19.172
13.333
6.112
4.457
27.929
10.704
20.876
5.092
17.763
18.457
29.259
19.326
24.716
19.304
24.365
13.046
27.807
13.162
20.496
11.182
28.459
6.581
15.032
24.249
19.739
24.682
30.812
27.393
25.067
16.192
13.169
23.911
24.226
30.049
26.930
27.571
15.743
24.880
26.565
28.584
9.476
22.155
11.168
17.200
21.994
19.800
29.682
30.124
31.889
19.462
5.540
30.160
30.997
3.646
10.543
18.840
4.445
2.461
4.787
22.887
17.943
6.169
18.546
20.039
23.985
30.935
29.749
30.299
22.124
30.435
17.217
11.435
30.791
25.975
13.459
21.882
13.945
20.795
28.502
17.878
28.944
26.241
2.903
23.062
19.817
29.706
25.113
21.783
4.138
20.831
29.580
29.623
18.927
29.038
14.144
17.426
23.265
23.159
10.151
5.081
27.851
28.216
28.113
11.243
14.711
11.005
25.107
20.183
20.814
26.568
26.517
26.478
25.854
25.699
25.732
25.503
23.498
3.708
24.952
24.972
18.412
16.507
21.023
21.762
1.810
24.599
21.724
20.985
19.818
10.137
10.356
23.329
21.023
22.317
22.633
21.486
11.583
4.249
3.347
8.496
4.292
20.003
10.418
9.394
17.006
17.824
18.773
15.994
18.683
18.783
14.718
16.610
9.890
17.346
17.662
17.214
17.341
16.747
8.998
16.812
16.800
9.865
14.978
15.351
7.707
10.845
6.451
7.883
1.735
2.260
12.599
10.872
8.090
1.967
3.650
13.731
13.578
12.453
2.045
4.731
6.524
8.555
1.799
10.037
10.784
11.143
10.938
10.022
9.983
1.557
6.472
3.140
2.370
4.666
8.774
2.338
4.677
4.178
4.462
7.702
8.007
6.166
5.074
2.257
7.339
3.116
7.988
7.026
6.610
6.871
7.175
3.003
7.201
3.302
6.213
6.667
4.674
3.145
1.950
6.051
6.066
0.946
5.501
4.986
1.491
2.114
3.026
1.353
0.911
2.485
3.759
3.398
3.400
3.537
4.061
6.119
3.306
6.105
4.554
4.167
1.760
3.368
0.970
5.818
4.613
3.360
4.595
2.732
1.113
3.906
2.143
6.438
5.851
6.232
2.572
5.926
2.155
2.230
3.129
2.567
6.377
4.863
6.785
7.060
7.483
5.269
3.157
7.557
8.027
2.118
7.091
8.425
7.127
5.455
3.883
8.081
2.750
4.873
4.343
7.195
9.507
9.249
2.463
9.094
4.011
1.845
5.952
10.876
10.345
4.737
6.418
6.989
10.818
9.736
8.644
12.343
9.686
7.784
7.019
6.206
13.530
11.177
12.191
7.018
10.510
3.890
14.754
9.104
15.070
13.395
13.895
4.910
7.180
5.139
11.399
16.755
10.740
7.510
7.062
15.769
10.996
13.932
5.721
3.827
17.639
17.814
18.096
16.214
11.143
6.209
20.011
14.899
19.746
18.847
19.440
15.367
12.242
19.816
17.608
3.619
19.452
18.741
7.134
5.215
23.502
23.037
16.357
22.118
5.192
19.451
19.268
23.762
7.072
15.581
19.924
21.229
10.824
20.165
25.371
26.735
23.675
14.304
23.516
16.520
11.459
19.986
27.762
27.169
16.628
5.206
4.296
3.912
7.263
8.317
13.625
7.726
8.768
13.002
10.186
27.142
13.258
8.382
9.268
4.228
5.676
5.014
8.226
21.656
3.332
9.672
22.313
30.775
31.417
27.801
18.331
7.099
20.582
17.299
10.586
7.446
3.614
2.116
3.602
25.677
32.396
14.847
10.997
18.592
30.594
25.928
30.351
27.631
5.985
13.899
17.380
5.286
27.925
6.387
5.028
4.110
3.945
9.805
32.079
32.394
32.005
31.988
32.338
32.497
32.383
30.894
29.623
31.159
31.879
28.451
19.832
17.637
30.610
31.459
31.288
30.586
27.614
24.206
23.442
28.392
23.096
22.327
16.405
13.131
30.179
30.000
20.535
24.613
13.174
3.711
17.379
23.506
16.661
23.704
11.914
12.153
29.170
27.864
13.963
19.016
18.724
2.939
2.027
21.284
23.280
27.714
23.831
23.160
9.398
3.820
23.720
25.082
17.058
14.211
7.654
19.735
19.453
25.162
25.497
21.563
21.989
23.326
24.476
5.120
1.710
21.076
14.750
2.335
22.952
23.874
21.535
16.419
22.004
22.123
10.691
11.960
16.386
13.606
21.235
20.183
2.187
17.097
16.646
7.252
3.946
2.912
15.956
19.652
19.685
18.504
19.021
17.413
3.277
4.513
4.230
10.310
11.894
12.032
10.369
6.175
15.560
15.815
4.113
15.720
15.572
14.643
14.128
15.391
15.788
15.399
14.113
14.727
14.409
4.298
2.807
3.793
13.373
4.851
13.149
11.783
4.441
2.514
1.506
11.090
11.655
10.614
11.215
9.682
8.721
5.209
1.188
9.456
9.547
9.706
9.595
4.605
1.099
8.664
7.047
8.187
4.256
8.045
8.152
7.341
0.812
5.897
6.799
3.913
5.272
5.176
2.888
2.338
3.049
6.902
1.280
6.506
2.379
4.209
6.720
1.588
2.553
4.724
4.223
3.638
1.646
5.461
4.111
2.238
1.364
1.228
1.746
4.083
3.990
2.693
5.553
1.915
5.180
5.738
2.900
4.107
4.086
4.265
0.556
1.410
3.671
5.656
3.218
4.119
6.022
6.091
6.213
2.650
5.611
5.328
6.584
5.011
4.435
4.573
5.165
1.705
3.890
4.369
0.820
6.834
5.792
7.127
7.182
7.027
1.966
5.611
3.936
5.297
8.318
2.440
4.934
4.986
7.536
9.004
7.824
9.257
9.452
9.686
9.873
9.159
8.189
10.303
10.460
10.767
10.337
7.561
7.482
5.070
8.024
7.231
9.923
10.609
8.477
7.925
9.041
10.951
5.754
4.475
4.638
14.136
13.387
3.339
14.730
5.051
5.780
12.993
15.337
11.835
15.156
12.830
16.332
17.038
16.894
16.945
15.972
16.761
15.509
13.544
13.471
10.363
10.862
2.016
5.649
3.339
20.394
20.554
20.008
20.329
20.909
19.314
18.934
8.840
8.555
22.009
16.674
18.734
19.870
22.653
23.097
5.016
22.821
17.727
23.463
21.465
24.263
24.508
24.782
4.262
17.730
16.683
21.277
25.709
26.258
21.917
24.366
26.677
25.975
27.209
23.702
17.794
27.209
20.103
16.397
19.791
21.094
21.432
23.463
16.922
3.261
23.638
29.604
28.990
28.723
29.701
30.216
29.721
18.999
14.116
20.340
12.603
10.246
14.146
21.503
20.299
25.354
23.372
29.205
27.583
17.142
30.899
25.151
23.412
1.502
24.824
31.355
29.614
22.815
6.519
14.202
29.819
26.793
23.316
21.206
22.007
13.580
4.630
9.514
5.065
19.053
15.352
25.056
19.224
16.379
16.719
1.407
22.872
18.104
23.712
15.158
3.463
8.353
15.124
30.774
32.350
32.508
31.843
4.786
14.861
31.025
22.271
31.521
23.659
29.189
20.670
15.862
23.135
20.280
27.570
19.842
15.909
1.760
10.148
20.123
25.647
5.279
23.083
3.736
19.669
28.575
4.988
5.562
12.062
21.174
19.558
10.273
28.093
11.247
22.238
28.462
29.267
18.376
18.123
24.147
20.421
1.500
0.933
20.354
20.544
26.542
21.666
25.164
22.746
9.711
24.103
24.398
24.793
17.580
24.453
25.651
20.313
25.186
23.579
24.268
25.096
2.605
24.755
17.228
10.060
22.992
17.308
14.455
23.193
12.480
1.398
22.328
13.551
9.272
17.095
18.719
21.756
17.071
20.851
8.258
14.278
20.553
16.119
2.231
6.757
7.999
19.946
18.713
19.364
18.871
14.713
18.224
13.726
18.260
17.698
17.273
17.269
17.172
17.104
16.988
16.268
16.361
2.919
2.578
12.530
1.443
8.882
14.697
3.439
12.597
14.906
14.242
14.101
14.056
8.151
5.312
13.393
13.334
12.927
12.646
8.443
1.320
11.574
10.960
11.150
10.782
10.907
10.141
10.311
10.125
8.787
7.937
9.058
9.102
8.345
9.113
9.145
8.903
8.845
8.999
8.774
8.554
8.384
8.270
8.046
8.051
7.414
7.617
7.278
6.960
7.461
7.231
6.400
6.993
6.691
6.717
5.519
6.294
5.865
2.246
5.875
2.180
1.928
1.237
5.138
5.754
3.899
5.834
2.454
5.044
4.405
2.482
1.157
1.824
2.972
5.456
2.053
3.035
0.782
2.188
1.371
5.947
5.294
6.001
6.088
1.734
1.454
0.713
2.370
4.094
5.990
1.439
0.876
0.802
4.309
1.809
4.436
1.531
6.722
7.183
2.519
7.150
7.515
7.582
7.079
7.551
2.933
1.235
1.567
5.752
3.830
3.172
8.618
8.639
5.032
3.251
6.151
6.514
8.819
5.305
4.105
7.632
8.414
9.641
10.565
7.785
10.201
7.282
8.326
8.475
9.090
10.794
8.044
2.467
5.671
9.226
7.503
2.356
6.695
13.561
12.026
4.720
5.570
2.007
4.960
12.167
10.124
6.784
14.836
12.350
8.611
3.485
3.520
7.649
16.797
5.741
12.828
17.372
7.145
12.401
15.433
17.966
19.056
19.351
18.222
18.606
3.281
20.249
15.189
20.275
20.629
18.904
20.203
21.537
21.541
21.691
19.610
3.950
21.022
19.840
22.398
22.564
17.349
18.233
6.587
4.781
7.146
19.490
20.936
4.351
24.081
6.487
5.909
6.907
6.127
24.523
12.792
19.433
14.536
27.032
12.465
15.805
7.220
27.568
25.907
27.408
28.227
21.189
25.286
22.965
27.709
16.842
21.182
10.250
7.235
24.754
24.194
23.697
28.985
28.497
5.126
19.438
31.466
29.279
7.445
31.387
20.880
30.102
22.152
27.398
15.659
24.904
30.326
28.448
32.112
28.620
23.809
23.755
28.712
27.728
3.558
30.704
11.526
13.912
19.122
14.243
29.204
9.836
8.409
8.615
6.957
6.210
19.336
18.787
24.968
24.514
30.081
21.130
24.610
23.955
20.816
15.711
16.558
18.324
2.166
12.214
21.272
30.241
22.711
29.881
21.940
29.930
12.082
24.946
24.435
18.937
13.244
20.944
21.426
12.963
5.275
7.594
13.452
1.626
14.146
27.140
28.460
29.719
17.146
1.854
9.342
17.910
29.848
23.622
28.014
29.244
29.624
17.074
17.672
5.752
19.524
23.646
23.337
6.965
24.298
24.861
23.800
17.760
19.652
21.828
24.802
22.870
27.437
24.218
26.334
21.663
10.535
26.349
26.232
26.335
26.006
19.023
15.734
15.882
14.328
5.436
4.134
25.085
23.519
22.055
11.060
4.030
5.251
19.750
16.695
9.852
14.050
6.679
22.705
22.802
21.642
15.273
18.016
2.081
7.649
21.506
13.233
20.824
16.062
19.432
1.429
20.267
19.380
2.885
10.906
8.864
17.699
14.774
2.527
14.180
6.006
10.139
6.265
8.403
12.654
11.558
15.395
14.965
1.344
15.166
1.789
1.442
12.381
10.623
8.824
11.832
1.493
13.409
12.718
12.509
13.164
12.766
12.686
12.314
12.432
11.277
11.814
7.230
0.919
4.433
8.743
5.474
9.184
3.063
7.873
7.496
6.346
2.763
2.825
5.025
5.324
9.036
4.381
0.738
1.349
3.686
8.442
8.549
8.422
8.287
6.691
6.621
7.484
7.602
2.521
6.645
6.755
6.764
5.412
5.991
1.482
2.051
3.639
4.946
3.816
4.847
1.663
1.538
1.574
4.075
3.487
4.675
1.670
3.313
6.142
5.545
4.863
0.630
4.762
5.137
1.207
5.566
4.998
1.002
3.727
4.859
5.273
3.499
1.980
2.087
1.677
5.764
4.760
5.707
5.191
2.768
2.222
1.923
0.684
2.316
5.771
4.391
6.496
5.070
2.121
4.883
5.575
3.439
4.237
2.769
3.322
6.108
6.770
5.341
2.385
4.323
8.453
4.797
4.541
8.950
6.586
3.606
3.003
5.930
8.903
3.175
1.731
4.273
2.274
6.932
9.549
4.743
7.071
6.445
11.436
8.169
5.265
9.249
11.124
3.243
9.300
9.124
10.916
8.078
5.020
8.064
7.953
10.788
7.444
11.856
10.008
5.276
9.761
7.569
9.190
10.204
9.266
14.790
12.101
8.489
10.692
7.585
8.337
14.298
12.095
3.675
11.388
11.970
19.558
16.062
5.411
16.470
10.892
11.314
14.982
8.927
10.752
9.748
6.813
13.478
20.303
6.932
10.239
7.050
20.138
11.640
10.121
20.173
10.181
8.440
10.587
14.527
16.999
19.104
13.308
2.684
24.983
21.459
24.845
21.104
21.933
25.338
2.575
6.756
24.228
4.104
13.329
26.992
27.595
16.188
21.805
20.347
14.281
22.808
25.246
7.209
20.095
23.728
26.410
13.142
13.543
19.881
17.797
2.399
9.697
15.166
14.481
19.517
24.830
18.497
25.895
30.699
13.707
12.302
14.668
15.900
15.489
10.230
15.166
15.517
24.067
17.221
4.429
7.216
4.072
4.815
2.074
8.405
30.220
30.533
31.947
30.401
26.448
22.978
6.782
15.671
32.019
31.868
6.771
18.326
27.487
28.475
31.475
31.897
30.533
12.116
23.249
12.588
9.066
12.586
10.285
19.554
22.759
10.903
17.320
23.332
18.403
13.913
22.824
17.326
30.139
27.376
25.048
24.123
26.510
21.156
30.260
31.035
31.194
29.447
30.872
30.820
25.267
28.629
23.262
29.965
29.468
26.524
14.221
22.056
25.021
20.763
28.691
17.606
21.072
28.820
29.218
28.662
28.138
13.150
18.024
20.948
24.768
24.190
6.946
26.923
20.095
21.481
22.771
22.358
25.785
24.513
15.560
16.024
10.724
19.918
26.087
25.568
11.600
19.413
9.670
9.189
18.456
12.069
22.671
18.879
19.669
10.228
19.908
23.127
23.210
22.902
17.308
21.961
15.194
9.587
8.890
19.741
2.544
13.401
16.471
6.819
7.113
11.788
6.028
11.388
19.806
17.681
19.063
19.538
19.270
18.886
3.009
12.378
15.845
9.561
2.479
8.671
14.619
16.240
4.755
4.071
2.161
4.126
12.795
2.832
2.234
7.646
5.062
13.077
8.391
12.146
6.425
10.182
13.553
10.929
9.680
11.521
9.953
7.947
7.128
11.057
10.270
8.779
9.230
1.262
3.494
9.010
7.862
7.247
0.997
7.398
2.537
0.650
9.205
8.078
1.476
2.868
7.759
8.066
5.187
3.333
5.354
4.917
5.180
5.973
3.299
2.265
4.586
6.834
1.686
1.371
6.879
4.235
7.104
4.965
6.557
3.161
6.812
6.637
6.688
6.485
6.397
1.927
4.034
5.820
5.635
5.870
5.987
5.978
6.084
5.936
5.822
5.922
5.755
3.569
3.360
3.704
5.738
3.967
5.310
4.689
3.962
1.445
6.001
4.927
2.734
6.027
6.284
