19910101
1.691
1.112
2.407
3.164
6.120
6.051
2.151
6.025
6.057
4.278
2.475
2.249
1.188
3.907
5.954
7.400
7.558
7.564
7.572
7.722
7.332
7.815
8.303
8.230
6.066
8.473
8.589
8.984
8.970
9.228
9.389
9.186
9.636
9.667
5.578
6.454
7.050
10.629
7.510
10.038
7.347
10.444
5.876
7.863
7.710
8.860
3.184
12.786
9.269
5.016
5.482
7.248
4.744
10.019
7.472
7.940
7.823
6.739
6.000
13.646
8.919
6.150
6.970
6.434
10.674
10.398
9.692
11.873
3.847
12.309
8.701
16.801
16.932
13.304
14.317
18.303
4.146
13.387
3.808
14.841
15.327
10.413
13.584
15.363
4.674
4.899
9.856
12.176
11.326
15.062
19.019
18.300
10.921
14.114
15.754
5.092
19.308
14.862
12.097
24.032
23.956
20.782
13.902
21.329
14.839
9.800
7.803
9.324
16.444
25.083
13.666
19.476
9.538
16.475
24.787
25.542
21.571
22.011
5.889
18.642
17.384
5.188
6.463
8.169
16.774
8.350
9.443
21.013
20.674
22.765
3.486
2.927
11.810
16.191
4.454
11.473
11.226
5.082
15.943
9.462
10.111
9.145
3.839
9.906
17.844
3.831
23.179
14.301
11.476
19.024
27.267
13.094
21.555
9.494
6.847
24.537
8.358
12.179
6.097
24.045
4.716
14.722
9.916
10.399
12.083
31.168
20.724
2.103
17.085
15.009
25.018
23.300
19.284
30.011
8.801
15.729
24.545
3.008
28.344
18.309
26.951
31.491
32.204
29.627
29.300
29.055
31.405
27.758
30.068
14.031
27.763
21.656
25.799
17.885
3.039
21.381
30.312
13.621
22.148
19.855
9.177
16.013
19.206
23.063
22.302
5.026
8.168
3.808
11.608
24.047
29.016
14.559
2.790
1.720
1.889
15.570
22.412
27.792
28.278
27.367
19.290
12.259
23.748
25.191
26.738
19.470
26.316
26.154
26.256
13.565
20.191
17.978
25.364
25.386
15.721
19.124
20.797
24.516
15.142
22.632
23.234
24.619
24.270
23.771
21.532
22.461
22.988
22.965
22.444
13.100
20.069
22.181
22.240
18.391
13.990
10.732
19.517
11.611
16.169
5.759
18.628
19.339
16.866
19.051
18.391
5.309
18.594
17.711
13.097
3.179
17.653
8.883
12.142
9.965
9.666
16.506
16.573
16.068
11.383
14.517
7.037
14.919
15.167
14.631
8.826
13.364
12.104
11.815
11.422
5.952
5.162
3.481
4.353
6.368
7.747
9.196
9.689
5.018
4.470
4.176
10.971
10.590
11.051
10.806
10.676
8.358
9.748
1.712
9.687
1.733
2.596
8.849
3.649
3.116
7.297
7.910
5.687
1.727
5.763
1.603
2.052
4.518
3.699
2.410
1.623
2.658
2.510
3.920
2.317
6.610
6.348
5.071
5.153
6.619
5.240
6.297
6.226
6.035
3.669
2.273
2.766
2.873
5.665
5.910
5.857
5.858
5.848
5.799
5.590
5.486
2.425
0.885
0.619
0.976
1.120
0.271
5.305
1.284
1.302
2.373
0.676
3.471
5.646
5.680
5.929
5.729
5.729
6.085
5.772
2.404
5.201
6.214
6.085
3.230
4.590
6.491
6.519
2.233
6.488
3.558
6.924
6.667
6.692
6.470
2.998
6.037
6.578
7.211
4.917
3.735
2.916
4.816
8.343
4.273
8.265
7.515
8.842
8.597
7.004
4.860
1.439
3.741
5.396
8.378
4.641
5.807
5.353
3.732
5.832
3.686
7.615
9.504
3.659
8.003
12.408
9.744
8.123
10.766
6.382
12.932
5.449
7.962
13.584
6.876
5.966
8.129
8.976
13.464
6.366
8.937
4.600
14.800
14.265
9.490
6.644
6.916
15.889
8.816
5.067
3.465
7.270
17.106
11.165
11.923
3.367
6.823
7.486
6.782
9.781
11.487
14.652
9.396
6.667
9.026
14.627
14.707
11.732
17.107
10.968
8.018
7.030
8.704
10.532
12.609
10.907
23.649
22.974
23.258
6.664
22.924
10.341
10.750
16.122
13.668
2.274
8.762
26.386
13.843
6.079
15.035
24.949
21.869
15.110
7.195
7.788
7.509
7.184
24.970
4.654
4.296
8.246
7.486
9.612
6.498
8.818
10.886
4.668
12.445
14.787
11.820
19.936
26.048
6.566
6.946
16.761
19.613
16.484
21.595
15.494
19.683
19.826
11.552
11.447
6.474
6.547
8.149
12.332
21.057
24.990
12.618
21.075
22.879
23.457
26.354
17.364
11.240
24.953
17.929
5.934
6.010
8.729
8.575
10.313
5.597
17.480
2.010
22.578
24.974
21.348
29.129
26.510
7.093
27.710
31.844
31.862
25.759
24.714
23.266
24.943
19.990
14.212
3.282
16.799
17.589
25.013
22.562
21.233
2.415
25.216
19.274
20.873
16.702
21.789
29.858
27.805
7.713
21.021
28.928
15.703
21.569
29.005
23.620
21.567
28.798
18.954
27.718
28.271
17.001
22.971
27.492
24.172
10.462
22.778
23.618
25.882
27.429
27.292
13.498
19.267
14.378
22.747
9.538
20.759
23.591
25.478
25.793
25.111
21.722
23.512
21.924
23.630
13.277
24.124
17.723
23.393
23.204
22.922
13.828
20.571
15.584
22.926
14.609
7.727
5.307
21.312
17.237
8.181
8.719
14.021
16.643
20.391
19.747
10.014
7.555
20.221
20.092
20.062
19.330
17.914
17.907
18.797
14.229
4.728
13.104
17.526
17.953
8.138
11.220
2.733
14.412
13.174
10.562
3.772
11.373
14.649
6.070
14.400
12.274
4.679
3.538
10.397
12.341
14.140
10.850
2.653
1.685
4.732
10.055
7.105
3.824
7.470
11.586
7.637
3.413
5.080
5.142
8.009
7.749
5.911
2.513
4.655
4.287
1.251
3.532
4.721
6.982
9.363
5.681
8.828
6.070
1.836
7.539
3.775
7.673
4.208
1.762
2.231
4.466
3.733
1.928
1.174
1.679
3.291
7.105
5.316
2.118
6.469
1.126
0.738
3.396
3.054
3.836
1.200
3.535
0.848
2.104
2.194
1.978
1.734
2.890
3.590
0.637
3.253
5.650
5.731
4.290
5.572
5.658
4.896
5.033
5.250
4.239
1.651
5.182
5.613
5.772
5.806
5.904
5.884
5.914
5.935
6.180
5.875
4.799
6.057
6.120
4.149
0.908
1.656
5.400
4.919
3.612
5.575
5.741
2.351
6.202
6.982
7.160
7.132
7.088
6.644
3.880
7.459
1.338
7.560
1.745
7.304
2.050
3.705
6.924
6.428
8.726
5.662
8.698
9.440
9.685
7.138
10.068
3.887
5.903
5.650
8.585
9.093
6.692
11.506
11.725
12.016
9.011
2.282
9.787
7.783
3.395
3.902
6.844
8.190
9.157
9.279
14.374
12.368
11.710
8.759
11.605
6.797
6.918
12.503
4.884
3.061
13.275
12.922
17.714
13.900
10.777
8.188
8.264
8.786
10.402
3.930
5.629
6.820
8.561
8.020
9.689
5.903
4.844
6.803
13.391
11.574
14.418
17.052
22.739
12.529
9.269
4.053
10.061
17.890
14.936
22.671
9.116
5.386
14.456
9.001
5.967
9.383
10.596
24.190
9.894
6.513
18.115
8.898
14.229
25.442
22.020
26.254
23.085
26.829
24.734
22.340
27.139
17.204
6.089
8.123
20.749
9.893
5.140
4.673
7.337
12.078
14.831
7.155
10.523
18.475
20.342
18.945
20.744
22.527
12.053
6.933
19.136
19.551
17.926
21.930
10.000
21.944
25.377
21.090
27.588
29.302
23.082
7.699
8.865
8.194
13.963
26.661
17.585
6.764
7.968
15.448
22.811
8.468
10.167
20.111
30.166
6.306
10.425
22.129
17.858
16.971
29.413
3.590
29.934
30.384
7.017
13.162
24.849
9.998
3.029
19.829
6.191
5.638
5.062
30.024
32.165
32.069
21.349
25.676
30.693
27.996
4.540
30.110
23.381
30.510
21.868
3.591
15.208
22.073
13.185
13.293
25.689
27.734
29.103
16.571
5.827
18.005
11.857
24.453
27.242
12.997
9.422
26.998
10.538
28.755
22.923
7.215
17.142
25.906
19.546
22.703
26.954
14.304
23.289
16.263
23.807
10.809
22.001
26.800
25.910
25.606
24.154
25.997
20.253
19.320
24.141
16.238
23.929
20.099
17.318
11.649
6.145
5.051
9.962
4.874
21.081
22.134
2.163
4.019
21.305
16.276
5.350
2.567
21.504
20.523
19.054
17.382
9.383
17.952
16.519
16.538
19.589
13.391
12.187
16.186
14.851
19.204
17.828
14.156
18.791
16.804
15.661
7.906
2.755
15.955
12.825
3.370
16.681
13.691
7.257
14.244
13.437
13.523
14.688
15.159
11.488
10.567
13.924
10.538
10.934
13.422
10.346
9.717
12.216
7.893
3.985
8.048
7.796
1.994
1.900
3.162
4.550
3.152
4.035
6.567
4.652
4.349
10.999
10.942
9.744
8.213
9.552
9.624
7.036
4.762
5.994
2.273
4.414
7.998
6.725
5.115
7.017
1.564
3.908
2.301
3.965
5.294
7.016
5.872
7.104
5.910
6.911
6.266
6.696
4.803
3.429
3.513
4.074
6.611
4.337
3.859
5.674
6.322
0.896
6.244
3.538
1.734
5.865
5.703
4.492
3.543
5.784
2.864
3.794
3.403
1.362
3.595
3.631
2.712
3.435
3.768
4.560
1.365
1.857
2.158
2.621
6.050
5.690
5.698
4.395
0.986
2.374
5.013
1.253
6.260
3.820
3.266
3.999
2.902
5.835
2.888
3.224
4.295
2.724
5.719
6.173
3.561
7.634
7.851
7.239
5.486
7.878
5.304
4.731
3.473
1.510
7.944
2.352
6.229
8.949
3.563
9.219
5.655
7.765
8.039
9.056
7.134
2.978
2.547
5.290
5.608
3.403
6.402
6.403
10.620
11.299
10.247
6.584
11.955
11.887
9.829
7.998
10.311
11.612
6.907
9.207
4.222
8.859
9.426
4.989
13.574
12.335
9.928
7.668
3.798
9.246
6.344
4.211
7.072
3.511
5.291
10.752
10.721
10.992
9.451
6.972
14.639
14.924
9.833
17.904
5.157
13.795
17.207
17.311
3.136
11.805
12.658
12.620
8.972
11.813
15.081
8.044
11.412
19.411
12.769
16.114
23.124
10.190
9.771
21.496
8.309
5.807
3.568
9.327
18.274
11.857
7.970
6.527
10.863
14.498
18.834
19.939
15.556
16.790
18.431
4.740
8.338
6.154
11.233
16.266
2.501
16.093
18.766
21.507
6.201
17.973
28.546
21.204
29.200
9.613
21.272
29.481
24.115
23.711
21.334
27.341
27.642
21.655
3.346
9.444
17.649
19.385
24.852
10.310
14.965
18.634
21.152
22.270
20.037
7.540
17.104
18.866
21.394
6.780
9.303
12.806
10.214
10.576
22.854
3.152
18.884
11.509
3.787
23.956
11.624
31.568
31.937
26.981
29.769
28.243
9.852
19.791
22.720
29.288
28.461
27.219
24.952
29.156
28.319
20.848
22.313
30.792
15.429
31.324
30.469
25.906
24.117
10.415
21.980
16.532
29.178
22.364
28.907
26.735
22.401
23.630
22.208
28.756
20.838
15.371
4.684
4.656
18.511
24.435
24.221
24.798
8.358
19.128
25.765
21.547
19.634
28.814
25.645
22.118
27.512
27.324
28.654
23.485
27.266
18.349
27.135
27.029
19.228
17.277
20.365
17.870
27.133
5.456
10.548
19.566
11.516
24.953
25.354
24.919
25.197
22.433
2.065
19.516
24.179
21.638
5.015
22.311
21.314
20.850
7.201
2.837
21.771
22.655
17.693
20.818
21.958
13.286
10.997
15.214
19.969
10.165
16.070
10.177
13.621
2.373
12.099
3.650
9.025
10.851
17.920
7.260
18.159
18.214
8.868
4.648
10.959
17.260
14.598
9.613
14.461
7.091
2.741
16.453
10.486
16.482
7.201
14.881
15.650
15.174
14.985
15.052
14.486
14.195
13.928
5.725
10.859
13.305
12.541
12.007
11.445
5.246
3.870
12.054
6.476
11.542
5.944
8.694
4.768
10.519
6.219
8.151
7.664
8.103
8.616
6.270
1.128
7.950
8.859
3.001
1.020
1.992
3.385
4.865
4.102
2.028
7.847
3.367
2.364
2.641
7.018
5.463
6.037
6.835
1.796
5.261
1.612
5.954
5.693
6.565
6.570
4.242
3.698
2.269
2.578
1.832
6.110
5.747
1.438
0.427
3.644
5.777
5.792
0.902
5.829
5.090
4.333
5.764
3.534
1.680
2.115
2.000
3.056
4.073
5.357
4.921
5.345
0.990
3.243
2.471
6.029
2.854
4.030
2.771
4.807
6.353
6.330
4.260
6.602
3.421
1.067
1.047
2.472
3.413
7.227
4.892
7.352
7.648
6.183
2.648
5.989
4.556
3.536
4.461
6.998
1.965
7.451
3.778
4.266
4.184
5.484
9.346
6.683
5.379
7.116
5.127
4.742
7.755
7.427
5.900
4.320
7.627
6.335
5.840
8.816
4.867
7.124
3.553
7.418
2.257
12.136
5.172
4.318
9.473
2.712
6.829
7.151
3.940
7.563
7.876
7.749
8.669
12.788
4.525
16.294
8.746
12.668
15.979
14.726
14.122
8.230
8.853
11.150
9.425
9.344
17.127
16.127
7.364
7.485
6.324
6.603
12.554
12.758
9.396
9.787
9.947
9.256
15.806
5.524
11.539
19.571
2.802
7.560
12.212
16.612
6.911
4.687
7.316
7.687
12.009
14.392
7.742
5.525
7.080
15.131
14.374
14.429
16.366
11.434
18.857
4.174
11.002
21.232
10.559
12.474
7.802
5.285
11.259
15.130
9.830
8.429
17.364
22.721
28.699
17.854
11.352
14.998
13.626
20.452
4.860
7.881
10.211
22.124
4.215
6.457
19.548
23.038
14.856
19.598
10.418
8.355
10.453
14.277
25.236
25.372
25.741
22.504
14.338
8.971
15.249
10.942
2.640
2.602
11.101
7.949
9.802
6.394
3.723
5.897
7.679
5.369
8.604
3.146
9.943
9.547
12.314
11.437
10.678
16.707
10.195
15.403
31.637
29.821
2.653
8.853
4.605
5.576
5.282
22.583
12.282
21.663
14.414
31.519
19.738
23.225
24.855
10.890
17.693
31.457
29.443
31.016
30.252
24.865
28.649
26.656
28.591
12.070
17.398
23.429
26.937
25.129
30.386
27.740
29.202
2.337
22.635
29.680
29.200
26.343
14.477
18.925
13.837
22.018
28.703
28.316
28.837
28.829
27.978
27.746
18.191
7.721
4.168
5.370
8.779
23.373
10.001
4.348
16.393
13.723
13.033
20.599
11.600
11.368
14.331
17.335
19.050
21.036
4.801
7.201
21.135
4.052
2.955
6.288
9.721
3.092
17.431
15.251
13.191
17.887
11.847
19.650
19.344
18.784
17.977
18.086
17.591
13.993
2.942
10.705
16.964
17.066
15.787
11.334
15.090
2.844
8.855
12.975
10.340
16.676
11.709
17.482
4.342
9.395
11.768
4.929
16.856
12.748
15.647
15.717
12.705
14.176
14.671
14.623
11.770
15.091
15.052
14.554
13.211
11.717
13.970
13.716
10.301
7.560
12.113
5.705
6.516
12.669
12.816
12.670
11.738
11.127
9.088
8.612
4.802
2.283
8.400
2.108
3.795
2.330
5.614
8.090
8.961
3.139
5.205
4.866
7.520
7.694
3.981
1.140
6.502
3.494
5.352
2.131
5.128
6.712
7.898
5.675
2.216
3.228
7.158
6.480
5.548
3.114
3.404
4.877
5.384
3.620
1.763
3.534
3.675
6.430
5.716
5.934
6.002
4.092
5.055
1.878
2.083
3.206
3.619
3.185
3.175
1.286
2.163
5.364
2.502
4.524
2.760
1.672
1.116
1.083
1.891
5.573
5.690
5.828
3.205
2.261
3.682
2.251
6.502
6.053
3.890
4.893
1.656
5.803
5.032
5.607
5.121
2.659
2.156
5.953
7.343
7.155
6.673
7.538
7.536
7.823
7.799
5.756
4.904
4.182
5.417
3.526
6.339
7.661
4.065
9.557
9.361
6.193
2.454
4.155
6.696
10.159
10.373
9.286
6.985
6.679
8.216
9.671
10.595
3.475
6.941
3.340
4.750
7.542
5.446
8.467
6.774
8.010
11.877
14.235
10.068
12.777
7.518
12.792
15.137
5.809
9.034
7.266
10.570
16.771
8.974
15.376
12.194
11.460
10.183
14.242
11.612
13.532
13.202
14.489
10.155
5.101
4.890
10.137
14.798
14.418
10.094
2.373
9.282
9.766
11.555
6.988
22.844
15.897
14.612
13.166
12.890
7.638
11.908
9.725
9.267
9.325
22.434
21.420
13.401
15.539
6.512
6.531
14.190
19.627
20.970
26.797
24.875
15.776
10.545
13.615
27.034
25.977
11.738
4.648
7.788
4.699
21.219
18.393
18.238
10.671
16.043
26.719
6.084
25.925
15.568
8.785
8.738
18.168
4.256
11.510
9.495
3.096
2.689
3.778
9.935
9.351
23.924
29.846
24.333
3.535
24.720
19.523
12.334
26.687
7.165
30.330
6.147
18.211
31.881
30.062
31.432
13.340
25.089
25.364
7.356
17.924
29.271
31.313
31.377
30.847
27.829
30.108
29.153
2.618
32.748
32.536
30.873
32.418
30.052
26.251
19.663
13.467
5.037
7.167
18.001
15.207
11.694
21.728
13.394
27.287
19.946
10.043
9.092
20.644
26.881
25.633
7.799
11.678
12.824
15.267
3.862
14.978
13.443
25.032
29.942
22.173
13.596
12.272
26.498
25.913
30.885
30.259
30.516
29.960
25.413
22.240
23.551
25.655
13.536
27.039
18.434
25.513
19.975
21.687
7.622
26.240
28.163
22.340
8.798
20.300
28.055
20.960
5.934
3.397
11.031
18.311
17.779
13.226
24.175
12.175
24.610
22.925
19.715
22.373
17.720
11.733
22.782
19.371
18.453
3.694
14.389
10.083
6.891
10.837
4.604
4.898
5.631
2.964
18.847
2.646
6.963
17.781
18.497
19.006
8.269
11.836
1.745
4.323
7.228
5.883
6.264
16.061
11.189
11.867
12.680
1.257
3.279
18.812
6.083
14.537
4.591
10.100
17.619
17.005
1.885
5.485
15.895
5.791
4.800
5.975
6.422
1.466
5.471
10.687
11.658
5.439
10.424
11.648
4.842
1.273
3.943
4.913
5.302
0.608
2.931
12.681
12.486
12.067
1.338
10.866
2.853
2.840
7.055
8.151
0.813
9.948
6.134
9.926
4.315
9.436
4.361
9.163
9.322
4.876
7.073
7.022
4.800
0.897
5.233
2.692
3.631
4.691
6.931
3.328
5.352
3.570
7.337
3.006
4.503
1.352
3.475
1.994
5.954
5.811
1.427
2.140
5.649
6.133
4.570
2.717
2.798
3.585
5.411
2.680
2.200
2.320
2.673
1.465
5.848
3.705
3.711
1.728
2.969
1.264
2.777
1.600
2.015
2.131
2.860
5.108
5.644
5.904
5.475
4.063
4.003
5.159
3.236
3.759
5.053
3.458
5.191
5.370
3.930
5.078
2.719
6.221
7.300
7.072
7.194
7.338
7.428
5.284
5.656
5.654
4.771
3.275
6.148
5.208
6.663
1.699
4.401
7.337
4.048
8.602
9.226
9.197
9.375
9.762
9.688
9.652
7.033
9.457
8.964
10.137
10.096
7.226
3.720
6.604
8.683
6.691
4.483
10.312
8.480
7.126
7.055
5.871
12.626
5.645
6.133
10.979
7.052
4.289
2.887
14.482
12.691
12.079
7.068
11.829
13.469
4.877
15.740
16.898
14.799
17.234
15.725
15.101
12.070
17.242
8.593
3.160
3.512
17.195
5.019
3.346
5.226
11.474
17.415
8.885
11.260
9.429
8.304
5.461
5.561
10.840
19.570
19.089
13.812
11.468
4.712
11.484
4.886
22.983
24.429
24.093
21.418
24.064
23.420
24.823
20.799
5.744
10.901
23.494
24.646
21.369
5.825
25.198
27.322
26.849
27.401
26.901
15.129
2.807
20.904
18.178
3.913
6.665
25.754
28.269
18.194
21.808
19.161
5.992
7.860
23.406
28.195
26.491
22.602
21.897
29.084
28.587
29.861
28.708
26.905
28.893
21.685
25.438
12.158
22.501
13.303
23.625
25.989
30.326
17.123
31.536
28.610
32.168
18.089
14.878
16.803
22.122
23.880
19.870
24.860
24.176
19.245
30.983
17.812
28.000
25.953
20.288
27.081
15.443
13.772
25.782
14.616
17.869
31.138
6.067
22.188
20.068
21.040
17.376
8.778
21.153
28.929
22.796
22.985
28.403
29.482
23.830
3.412
4.085
5.486
8.039
29.551
20.179
22.268
23.601
30.623
28.402
10.029
29.946
17.309
9.267
2.379
14.422
23.533
26.878
26.176
28.156
14.789
3.312
28.241
22.272
21.661
29.144
25.585
5.644
11.826
24.422
27.696
26.096
23.069
24.849
17.532
25.320
27.549
26.534
27.258
27.311
26.243
25.908
25.574
1.672
18.969
20.451
23.573
22.555
24.426
24.566
22.415
24.437
22.240
15.099
21.194
3.293
22.138
15.546
23.964
22.961
21.503
20.383
22.456
17.515
7.927
21.072
22.316
17.284
21.774
14.308
3.267
17.441
20.334
20.448
20.589
20.416
20.238
13.896
19.608
19.294
18.938
18.885
18.804
18.836
18.397
17.853
17.920
15.305
4.122
10.651
3.565
16.594
16.774
16.409
10.051
14.127
12.782
6.790
15.046
3.927
4.675
6.089
7.437
1.874
12.534
12.843
13.010
12.902
4.024
9.529
12.687
10.576
12.063
5.381
3.670
12.032
11.742
10.931
10.123
10.367
10.283
10.278
9.662
8.298
5.605
7.154
4.168
3.692
8.376
7.447
4.407
4.188
5.900
7.306
0.875
3.131
8.014
7.795
6.171
6.489
7.368
3.366
4.522
3.723
3.722
3.652
3.855
2.141
0.844
1.292
4.267
1.911
3.567
3.751
5.833
4.461
3.362
2.583
5.716
0.748
3.278
0.684
4.217
3.030
5.615
3.273
3.633
4.564
2.108
3.650
2.857
5.528
2.230
2.541
1.757
2.501
1.389
4.810
5.921
5.291
4.531
3.996
5.079
6.036
6.559
3.769
3.776
3.616
6.532
6.813
7.021
6.874
5.114
4.565
4.130
3.268
2.170
7.286
6.661
3.456
2.097
4.481
4.120
4.078
4.744
8.054
8.981
9.183
4.970
9.289
6.362
9.403
9.143
9.482
10.371
10.358
10.263
7.252
6.225
6.784
10.690
11.026
10.262
6.942
3.589
10.762
11.259
1.587
11.539
11.610
11.105
12.788
8.952
3.491
9.193
4.114
7.484
7.524
14.060
4.494
14.970
13.554
7.400
9.445
9.660
13.835
10.346
9.894
8.075
16.911
11.780
9.944
6.845
2.646
4.125
3.389
7.600
4.459
7.624
9.394
12.879
5.803
15.231
19.807
21.858
14.353
11.558
16.116
9.895
22.456
11.675
8.669
14.187
11.575
5.737
11.723
15.623
20.657
18.583
23.332
20.621
8.781
11.341
15.933
17.366
11.652
21.710
6.787
19.928
23.752
18.109
25.480
11.343
9.166
26.354
8.719
23.377
2.412
12.804
27.674
17.742
15.849
15.369
2.623
24.949
21.474
26.959
28.861
13.140
22.821
13.041
20.942
20.890
24.338
19.822
27.637
14.346
5.087
9.233
25.580
22.362
7.694
18.035
15.875
22.919
27.192
23.492
28.690
11.651
20.133
25.852
24.067
12.625
11.550
23.981
25.881
27.377
26.979
14.604
32.189
16.016
7.843
2.848
15.692
24.399
17.819
28.540
26.403
23.172
8.861
29.017
31.481
29.369
16.269
26.679
29.294
18.003
29.903
16.750
12.646
21.883
27.030
11.156
10.389
16.559
12.998
25.486
22.152
4.393
21.316
28.467
28.104
15.386
19.746
10.807
22.838
14.750
23.765
29.985
27.038
21.807
29.662
27.092
28.591
24.063
2.833
18.220
24.125
21.408
21.360
17.070
10.206
27.611
28.381
13.936
24.771
3.958
28.639
28.158
27.935
28.037
26.652
26.895
25.234
24.156
19.201
23.643
26.429
25.814
1.877
18.977
14.534
13.411
15.498
17.466
6.292
9.756
24.802
8.553
18.493
11.759
12.079
11.737
20.852
22.258
10.814
20.377
2.263
20.439
18.367
5.047
21.956
12.620
6.868
1.826
7.391
15.694
7.274
13.389
10.557
3.249
14.623
8.887
18.174
13.445
16.275
19.320
16.666
16.011
14.796
4.695
14.505
8.024
8.566
12.110
3.758
8.514
2.642
11.000
2.231
2.298
15.195
13.930
13.000
10.245
3.048
2.686
12.939
11.193
12.617
1.231
1.392
4.579
9.498
12.246
12.116
11.856
3.401
8.413
4.348
6.478
1.918
8.041
9.238
1.496
10.109
4.224
1.080
7.041
10.081
6.288
5.623
0.453
3.136
2.952
8.766
8.221
2.718
2.943
4.275
2.855
6.875
7.528
4.058
4.303
7.445
4.485
2.067
4.319
5.511
2.233
5.777
6.674
2.784
3.107
5.298
4.053
4.559
2.684
2.508
2.432
3.328
6.174
2.679
5.183
4.631
0.892
0.758
5.683
1.590
5.674
5.837
5.392
2.902
2.577
3.861
6.092
3.886
5.946
5.711
3.877
3.969
4.914
5.814
5.923
4.523
5.753
5.795
1.915
6.030
6.486
6.341
4.278
6.623
5.742
5.236
4.097
2.640
2.559
7.139
6.298
7.570
3.955
4.855
7.433
8.032
8.155
5.915
8.199
6.696
4.140
4.337
3.152
3.033
4.732
7.180
6.365
3.837
8.591
6.492
2.437
2.234
3.175
5.457
3.710
6.524
7.397
10.922
8.062
5.480
10.724
6.076
3.808
3.657
6.335
3.519
3.539
4.507
4.689
9.131
14.650
6.735
7.574
6.896
9.213
6.205
8.342
15.382
5.052
14.816
6.553
16.322
12.207
9.152
5.211
7.683
10.790
8.204
4.652
10.442
18.247
18.255
14.633
6.328
15.943
11.164
8.947
8.256
15.133
12.048
10.522
7.301
7.347
7.307
11.047
9.976
7.197
8.535
3.423
6.693
9.605
7.779
5.620
8.498
14.416
8.125
15.027
8.662
25.508
18.172
3.017
14.617
13.458
16.297
24.846
10.204
12.680
19.526
6.329
20.214
14.364
14.801
15.766
20.431
5.061
19.099
20.966
19.107
13.767
2.974
8.246
21.640
7.404
18.310
16.033
12.647
5.330
21.345
9.680
12.449
16.585
22.827
29.990
28.732
17.386
1.870
4.642
11.314
21.985
26.305
30.785
23.647
22.189
28.599
23.440
20.231
28.717
25.259
20.237
10.989
22.714
17.153
20.451
14.264
24.889
15.556
5.951
21.053
18.674
19.946
4.082
13.702
21.401
5.038
25.282
17.763
7.172
4.373
32.354
22.641
23.390
20.520
13.764
7.392
28.616
16.035
23.545
25.287
25.870
28.466
28.408
23.484
19.008
6.195
3.643
5.358
18.325
16.741
29.743
24.185
19.368
25.679
30.154
28.532
28.705
25.370
17.897
2.517
5.435
12.346
29.112
29.507
24.604
11.404
15.008
29.583
17.807
28.573
24.517
26.308
22.907
23.475
18.950
21.040
19.162
26.217
11.285
18.494
14.639
13.414
22.163
10.437
9.704
12.035
13.386
7.682
2.089
20.079
18.166
24.801
4.237
24.943
14.555
10.422
20.260
13.781
13.014
16.375
15.732
22.849
18.810
19.114
15.216
18.782
15.249
17.733
21.960
21.710
18.670
21.620
21.155
19.718
21.206
17.542
2.583
13.382
18.815
12.430
15.415
17.717
12.422
16.359
16.007
7.792
13.599
3.124
12.564
14.529
17.124
14.829
5.855
15.356
4.218
5.515
7.483
7.558
14.791
4.620
13.772
7.626
8.649
14.477
11.886
14.274
14.128
4.554
8.546
11.830
7.701
11.137
5.568
7.936
7.354
3.592
10.509
11.013
9.922
7.322
3.834
10.581
9.478
0.812
6.286
9.605
2.167
2.880
2.482
2.023
1.490
8.575
4.871
4.243
4.452
3.423
7.330
2.164
6.121
2.211
7.487
3.144
4.351
0.917
2.130
6.562
5.891
6.924
7.154
6.456
6.967
6.147
5.340
6.081
4.444
2.308
6.108
5.461
4.946
4.057
1.235
6.010
2.951
3.602
1.918
2.821
2.391
6.252
2.246
1.418
3.214
4.222
6.230
6.065
3.625
2.741
1.159
1.554
0.888
1.345
5.115
5.575
3.412
3.650
6.343
6.420
3.871
6.565
3.107
6.363
6.081
3.206
4.591
6.929
7.054
7.127
6.307
4.734
1.757
1.626
3.736
6.239
2.954
4.768
1.821
6.823
8.673
8.670
8.786
8.642
3.700
0.949
6.081
9.300
4.407
3.343
9.857
2.882
3.884
5.342
7.384
3.443
10.184
2.459
6.019
7.075
3.680
3.617
4.212
6.200
5.067
4.820
3.286
9.306
12.475
9.194
11.228
6.483
10.239
12.910
12.796
13.066
2.650
5.558
14.193
4.175
9.830
16.580
13.803
6.198
5.642
2.070
6.657
7.971
11.901
10.496
6.160
2.822
1.802
4.433
5.671
19.245
16.547
9.686
11.669
5.924
15.149
16.994
3.587
13.497
12.196
11.439
22.376
5.154
22.332
17.849
22.577
4.475
10.355
24.616
24.564
19.726
16.753
19.483
8.968
17.930
16.520
13.916
22.927
22.079
5.031
7.747
12.573
20.573
9.694
26.087
2.831
18.495
13.092
10.189
16.346
18.615
21.986
12.250
19.995
23.777
19.011
20.540
25.427
27.584
21.452
22.752
26.208
25.302
16.748
17.094
29.748
24.117
26.901
15.641
7.020
24.115
13.317
21.344
23.841
31.162
18.277
19.642
16.890
20.592
19.670
7.646
16.761
4.257
31.364
17.747
30.069
30.240
23.600
14.168
21.999
14.757
31.465
29.695
26.052
16.164
27.256
30.140
17.117
13.555
32.833
32.666
32.263
30.873
31.355
23.951
4.022
15.081
9.214
23.391
32.693
25.125
26.232
28.728
29.423
24.282
20.918
21.521
17.743
31.060
15.415
10.502
22.166
16.273
13.890
8.896
26.628
12.792
12.438
15.676
26.823
30.395
21.369
20.505
30.022
29.938
27.940
23.908
19.546
13.593
22.553
7.055
24.493
20.884
28.978
28.846
22.998
10.262
5.078
7.339
10.403
12.435
24.287
24.546
27.217
27.545
25.212
25.836
27.047
25.768
25.952
25.903
24.678
21.582
25.569
24.687
15.064
24.026
25.392
25.003
25.084
17.074
12.408
17.689
17.897
4.555
13.111
3.440
18.164
9.984
2.956
15.195
5.245
21.226
22.102
21.900
21.579
21.654
11.532
15.572
20.384
10.525
5.305
12.607
19.539
14.313
1.357
12.762
18.590
16.625
18.277
17.671
16.720
17.402
17.392
14.526
7.521
7.218
2.188
12.574
10.590
1.193
2.116
5.895
8.802
4.548
8.521
2.679
13.002
10.114
12.845
13.934
2.097
3.476
3.629
12.578
12.322
11.470
12.281
5.915
11.461
7.809
2.855
10.997
5.148
9.018
3.259
10.147
9.673
8.993
1.014
9.837
3.373
8.202
8.408
6.937
7.145
8.794
8.436
6.401
2.322
5.009
5.647
0.734
1.514
7.340
4.478
0.984
5.464
3.350
1.793
1.507
5.992
6.603
2.507
6.625
4.897
6.567
4.604
2.916
5.385
5.134
5.982
3.763
3.880
3.471
4.381
5.802
5.005
5.052
2.021
1.664
2.188
3.579
5.748
2.070
5.580
6.003
6.264
6.101
5.920
3.321
4.763
4.977
1.515
1.591
6.211
5.131
6.035
5.258
5.883
3.492
3.690
1.222
1.017
2.183
4.658
5.499
2.714
1.884
7.370
7.420
7.631
7.417
7.187
4.811
7.607
5.593
6.409
5.136
6.212
3.533
6.684
3.195
1.632
8.522
7.902
4.299
5.741
4.288
7.270
3.437
5.983
7.955
4.695
7.631
6.375
4.970
3.885
6.067
9.589
3.966
12.162
6.487
9.573
2.548
10.657
12.532
4.106
12.476
2.174
2.520
6.764
8.283
13.366
14.686
11.902
10.069
13.690
4.621
8.113
4.371
13.295
7.785
9.126
3.405
12.976
10.648
8.105
13.362
9.282
9.440
14.300
11.116
16.691
16.415
11.513
7.127
11.655
13.522
17.137
3.444
5.440
13.468
18.274
14.411
3.671
9.992
22.270
15.207
21.548
19.659
10.793
20.590
4.408
4.623
10.029
12.949
6.173
4.776
13.152
19.343
6.903
16.102
12.469
15.234
5.176
6.387
8.357
10.742
27.602
26.980
14.779
20.922
16.681
16.885
26.194
25.027
27.796
28.155
26.338
26.741
23.237
4.168
4.969
6.807
20.713
21.216
29.457
28.910
30.266
26.460
18.457
28.576
23.382
7.498
30.837
28.887
27.913
16.742
19.860
21.565
15.397
27.465
30.487
30.413
30.532
30.326
19.920
11.819
18.892
5.263
26.085
32.280
11.307
27.244
15.433
4.719
1.762
9.111
32.677
21.816
26.964
31.510
11.843
26.961
3.324
4.224
30.625
31.912
31.235
27.725
32.115
31.838
32.203
30.634
16.690
22.347
31.414
8.437
22.481
31.287
31.410
28.120
30.772
27.895
27.721
19.714
30.707
10.443
20.878
20.553
26.129
16.575
3.476
18.336
12.925
17.551
2.629
19.548
30.004
29.989
29.328
28.198
26.658
29.433
27.779
28.261
28.446
28.788
27.163
28.258
22.695
7.148
7.676
22.339
19.179
12.862
13.432
1.995
13.572
27.081
26.380
26.549
26.214
21.575
22.991
24.769
17.780
9.212
16.613
24.264
24.967
24.706
25.072
25.038
24.167
15.707
22.229
15.848
5.910
4.387
5.347
22.743
3.204
1.894
5.370
4.766
6.194
13.051
12.150
8.407
12.209
18.657
1.968
7.434
5.474
7.615
14.188
17.836
15.768
14.854
10.356
2.992
10.270
2.705
3.397
16.748
18.313
11.415
5.471
14.684
16.705
16.557
2.155
14.612
13.700
14.232
14.592
13.590
14.584
14.563
15.053
14.640
14.047
13.810
4.582
13.430
13.520
12.997
11.916
2.084
12.485
11.212
2.350
8.926
11.719
11.520
10.919
10.197
9.721
10.755
5.043
10.075
9.891
9.802
6.085
4.548
3.448
7.683
2.359
8.372
8.620
1.302
2.131
4.480
8.681
8.121
8.001
8.008
7.398
7.208
7.669
7.126
1.602
3.170
1.130
2.029
3.146
5.973
5.548
0.805
2.248
1.544
1.380
4.042
1.261
0.496
1.594
6.238
6.217
5.938
2.237
2.343
1.619
6.096
6.058
5.781
3.598
3.849
6.061
2.536
5.629
2.960
2.579
6.319
5.658
2.753
5.349
5.119
2.935
5.386
2.909
6.263
6.389
6.675
6.519
6.508
6.808
3.129
6.560
4.476
5.553
6.960
3.130
3.540
7.292
7.160
6.563
4.628
7.569
6.781
5.240
1.881
4.110
7.315
3.592
6.351
3.612
1.537
5.279
9.011
8.685
5.648
8.402
9.334
9.954
7.794
8.796
4.252
2.936
3.918
4.642
5.748
7.584
10.391
9.308
4.735
9.987
9.851
10.729
12.287
10.002
3.614
2.850
11.151
10.227
4.398
8.326
7.636
6.041
10.343
11.142
5.995
8.337
10.054
13.446
9.292
10.695
12.754
8.339
13.415
9.256
8.125
9.716
17.877
17.497
16.656
8.861
12.488
3.222
3.106
2.483
3.189
3.840
6.170
17.189
19.933
21.937
22.257
22.063
13.843
21.790
18.114
18.340
23.102
17.278
23.698
24.756
23.995
10.004
11.054
20.301
21.378
8.711
21.583
7.271
6.673
12.401
19.960
21.872
19.432
4.429
7.256
24.352
21.952
2.821
4.394
25.492
15.103
21.486
14.544
27.798
25.620
25.116
25.196
7.438
9.992
24.112
27.957
19.238
25.930
28.554
25.893
18.315
21.963
18.374
30.067
29.700
28.293
29.190
6.209
16.329
28.479
29.196
21.959
12.638
21.928
15.405
22.869
5.328
23.215
26.528
29.874
31.428
31.864
28.544
26.910
23.153
30.704
2.626
16.947
7.431
4.334
26.615
26.646
31.583
32.095
24.095
20.505
31.455
31.305
31.025
22.896
25.806
31.263
28.220
17.535
10.876
31.940
31.166
4.255
23.372
23.048
22.705
16.951
22.365
19.987
22.343
13.744
23.780
31.202
29.734
30.020
10.046
15.903
6.022
3.468
12.771
21.826
12.625
14.306
29.470
30.977
19.491
25.667
30.456
24.655
11.414
8.517
21.356
25.609
23.961
26.795
26.197
15.875
15.925
23.741
14.635
11.719
3.797
2.056
18.015
11.634
22.258
2.568
2.091
2.832
20.003
26.743
24.557
22.608
23.769
26.247
25.464
3.664
23.354
20.729
17.846
17.587
20.948
10.480
16.665
11.095
22.729
22.682
2.297
20.579
14.401
18.813
14.259
18.265
12.284
21.955
19.640
3.856
10.766
19.491
21.792
21.504
4.193
20.208
20.911
20.922
17.184
14.725
12.107
3.108
3.850
1.890
5.087
2.942
2.268
11.974
18.283
18.012
17.835
17.425
15.738
6.081
3.478
2.774
5.525
15.403
15.405
11.818
4.764
0.990
3.378
3.839
10.526
12.700
3.015
12.135
8.278
9.090
6.627
9.896
9.440
12.504
6.195
8.305
8.943
6.204
11.189
10.279
2.378
6.840
0.879
0.880
1.772
2.888
7.154
6.895
3.643
4.109
3.339
2.219
8.738
4.691
6.472
6.970
6.547
4.734
0.683
2.250
7.564
5.136
2.571
7.474
4.515
3.304
1.432
2.854
5.140
0.536
1.708
6.035
1.062
2.359
2.111
1.811
1.396
1.848
1.803
3.476
6.157
6.106
5.394
3.075
5.776
2.095
4.111
1.771
2.009
6.007
5.944
2.546
2.566
2.006
1.331
4.380
4.978
3.083
1.843
4.044
2.354
0.757
4.723
3.159
5.969
3.953
2.384
4.481
3.132
6.417
3.389
4.364
5.243
7.369
4.109
3.608
7.232
2.713
7.425
5.316
7.736
7.535
4.823
3.985
1.431
1.303
4.744
3.148
0.851
2.770
8.351
4.452
4.020
8.293
5.174
7.597
2.484
3.719
3.832
10.053
3.800
10.879
9.395
11.420
11.553
11.494
10.394
9.923
8.212
12.082
12.706
12.977
7.726
8.043
7.410
9.717
7.733
11.511
14.555
14.950
14.808
4.989
7.150
6.181
14.684
7.204
7.851
5.587
13.671
12.682
9.412
7.883
10.126
6.621
13.249
12.533
17.609
19.117
19.361
19.643
20.098
20.332
13.494
17.805
10.405
21.235
10.980
10.621
19.777
12.512
9.213
3.702
15.373
3.334
6.884
15.650
17.893
11.288
15.895
25.158
14.954
13.754
23.180
11.056
22.843
10.396
23.651
25.718
22.254
25.853
8.102
25.197
20.620
18.091
19.072
27.285
26.308
15.356
23.718
24.930
21.439
23.133
19.122
13.774
20.067
28.843
27.348
28.606
28.583
27.033
21.374
15.056
12.283
17.596
10.436
19.558
27.542
28.067
22.592
28.453
26.276
7.927
8.917
17.782
21.665
30.952
22.273
16.506
5.046
24.790
20.160
26.065
27.160
31.053
31.751
31.785
26.881
22.724
23.585
21.041
26.278
29.212
28.006
30.693
27.156
30.953
26.776
28.733
22.617
28.121
18.407
15.761
21.809
30.252
32.016
21.077
26.619
27.969
30.516
27.294
23.027
31.034
24.085
13.310
17.882
12.301
12.609
18.233
30.332
31.322
30.742
29.312
26.158
30.307
29.554
30.409
31.412
30.374
26.125
14.043
23.633
30.703
30.579
21.230
21.311
26.670
13.843
28.021
23.841
28.138
3.198
24.463
29.337
22.323
19.695
28.210
28.136
28.083
28.103
27.485
27.901
27.530
27.189
24.961
27.478
26.943
27.062
18.515
25.547
26.078
24.902
21.619
23.895
20.858
22.153
17.285
25.285
25.536
24.876
25.037
24.831
20.829
17.148
15.673
2.957
13.066
5.673
23.877
23.741
22.659
15.429
16.180
6.605
11.241
10.862
10.068
1.592
3.453
19.868
21.717
21.281
20.681
20.408
20.032
19.910
19.081
19.184
2.150
8.671
19.456
18.383
11.824
15.885
2.399
16.370
9.134
13.498
9.326
15.250
1.364
12.397
5.876
5.717
0.927
11.718
15.101
9.992
9.690
13.652
14.991
14.677
14.388
13.812
12.330
7.972
2.894
2.266
3.560
7.702
12.467
11.793
12.020
11.337
6.286
4.504
7.775
3.838
10.123
9.530
10.132
9.990
9.653
8.663
4.748
8.744
7.801
7.212
8.841
0.868
8.298
7.820
5.945
2.880
1.469
5.932
7.602
6.613
5.235
5.116
5.908
6.213
2.608
5.424
1.107
3.582
6.275
5.169
4.969
5.380
6.250
6.288
3.785
6.249
6.418
6.149
5.857
2.713
2.305
3.414
1.052
1.523
1.341
3.820
5.770
5.793
4.232
1.176
1.570
5.716
6.380
5.807
5.713
3.839
4.401
1.857
2.508
1.714
2.989
3.128
6.339
4.659
2.264
5.648
4.645
4.038
4.532
2.085
5.064
3.634
0.996
5.973
1.524
5.417
2.471
1.978
6.722
1.036
3.216
6.010
8.368
7.695
2.593
6.273
2.840
4.938
4.443
9.276
8.903
9.364
8.382
9.523
9.633
10.209
9.280
4.568
5.204
6.592
10.415
2.087
7.106
5.596
11.634
7.157
8.964
12.527
5.793
6.426
12.106
5.829
6.489
2.283
7.695
12.842
9.454
6.603
10.049
8.020
9.684
10.009
14.036
16.367
16.843
9.242
6.344
5.992
11.499
13.605
7.584
12.207
9.553
9.743
10.780
10.576
19.561
10.673
9.430
8.495
17.914
15.454
3.684
4.641
8.166
10.680
20.243
21.113
22.087
20.173
22.126
11.959
18.245
9.233
10.038
18.721
11.930
10.648
22.314
15.016
11.691
11.829
15.075
8.885
18.652
18.161
23.466
15.890
23.208
3.110
25.350
26.514
14.568
25.995
13.315
6.834
26.262
9.758
10.871
19.666
20.704
17.937
23.135
13.628
16.499
13.924
6.548
17.927
24.484
18.333
12.811
28.379
19.440
3.437
18.642
25.021
2.656
30.129
30.417
20.865
31.046
17.190
4.481
15.041
32.055
31.861
28.080
16.391
16.716
31.444
32.213
17.353
17.777
15.240
5.424
14.140
14.224
18.869
32.168
31.732
31.732
27.519
27.626
25.257
7.835
24.049
28.509
4.080
31.736
31.726
18.942
5.518
22.393
18.009
19.884
22.862
23.401
31.565
28.455
13.629
28.593
31.742
16.900
9.207
15.869
21.911
26.151
13.214
27.133
27.784
6.547
22.313
20.346
19.169
17.517
22.927
14.029
30.185
22.955
26.695
27.451
25.975
23.908
29.419
28.946
10.344
18.695
23.623
13.761
29.901
29.951
29.515
28.559
28.247
28.523
28.254
27.393
25.048
27.013
23.625
26.692
27.780
24.790
14.749
19.728
19.689
9.011
17.648
25.653
20.680
21.021
14.677
6.098
6.214
18.173
25.209
16.493
8.132
3.355
22.535
18.092
19.262
17.952
7.073
7.235
23.739
22.955
21.111
23.023
22.251
22.626
22.644
22.495
22.206
14.087
2.647
15.272
18.040
2.762
5.820
20.005
20.312
20.211
8.743
18.456
18.683
3.080
3.527
2.270
4.746
13.126
14.080
15.588
12.971
10.326
16.534
15.488
15.769
16.019
14.466
12.434
14.150
12.215
3.212
1.831
7.987
14.088
12.964
12.900
5.288
12.442
12.377
7.628
11.930
4.468
9.246
11.903
12.264
11.218
8.745
7.759
6.408
6.837
9.526
2.663
7.986
9.488
6.290
8.084
2.186
2.264
1.724
3.817
4.273
3.122
6.747
8.082
1.788
3.168
8.366
6.965
5.449
7.422
1.782
5.085
7.789
5.355
2.824
6.295
6.999
6.945
3.124
5.700
3.101
4.259
6.252
3.163
5.081
6.161
3.935
5.299
5.970
6.006
6.173
6.096
6.065
6.076
6.031
6.048
5.920
4.881
4.881
2.105
0.838
6.235
6.129
6.036
4.340
5.523
5.507
1.637
1.942
3.305
2.435
6.169
6.135
4.699
3.618
3.317
6.331
6.414
1.586
6.353
6.815
3.192
6.540
6.348
3.926
3.809
5.738
7.396
7.555
6.910
4.550
3.340
1.309
1.101
3.305
4.217
3.302
4.138
4.763
6.738
6.837
7.158
9.518
5.611
2.102
3.452
3.043
5.598
10.602
9.338
10.610
10.745
10.703
9.593
3.256
4.069
6.085
4.389
5.047
4.240
8.395
8.147
9.999
5.951
5.756
8.222
6.918
11.203
11.555
10.880
7.221
13.804
15.947
14.975
10.252
11.833
15.469
9.447
12.291
8.031
4.865
8.626
18.083
13.125
18.737
10.011
8.466
8.866
16.854
18.722
3.969
4.714
8.874
19.105
8.465
17.602
7.963
14.381
13.636
5.127
16.383
9.491
17.664
23.121
23.404
18.496
22.777
23.732
23.319
17.086
10.290
5.099
15.579
10.699
16.470
16.136
21.229
25.341
13.941
26.096
12.104
7.610
4.072
13.680
24.740
17.357
22.916
12.670
19.389
14.768
26.536
14.760
27.673
24.140
22.894
12.535
26.515
6.624
9.390
17.683
13.742
12.837
7.065
28.356
30.351
19.774
21.476
19.344
16.726
14.153
2.675
26.628
30.741
27.457
16.546
11.709
15.882
31.222
27.614
30.301
21.814
29.213
28.121
24.889
29.458
28.204
29.157
7.546
15.597
14.535
4.134
23.615
14.711
31.386
26.139
15.187
29.548
18.612
8.670
24.539
22.332
6.983
27.237
32.169
31.574
28.990
31.499
29.954
27.067
21.734
31.120
30.866
18.572
27.317
5.893
7.371
31.465
24.925
8.080
28.648
7.944
24.708
28.076
12.320
1.809
9.486
30.691
31.236
23.672
22.775
30.579
17.429
20.494
30.285
20.513
26.481
20.628
18.958
24.018
23.404
27.444
28.669
27.527
13.977
3.461
13.862
24.635
5.248
8.173
28.430
7.772
7.127
19.202
28.249
19.928
17.740
27.223
14.276
12.520
7.501
1.742
21.687
25.802
25.699
2.163
2.480
3.647
1.330
23.668
22.410
2.883
20.556
10.595
23.095
23.304
23.201
23.534
22.766
21.701
21.613
18.535
23.317
22.221
21.857
9.556
13.885
16.980
21.022
18.296
20.284
20.059
19.906
1.491
3.065
6.433
7.183
16.383
14.065
18.471
18.889
17.418
17.036
4.760
9.908
7.820
13.164
10.341
1.512
3.916
9.506
4.456
15.257
14.449
7.955
14.288
12.953
15.058
15.119
14.805
14.587
13.184
14.010
14.170
13.679
11.780
8.012
12.016
11.592
6.632
11.851
9.608
10.989
11.488
11.489
11.393
11.214
10.856
3.785
8.375
8.815
7.523
0.742
3.668
7.235
9.301
9.192
8.786
8.740
8.800
8.143
8.497
8.100
7.735
7.769
2.662
4.245
7.606
1.088
3.400
5.391
4.839
2.160
3.970
5.107
6.086
3.432
3.046
6.718
6.671
1.645
4.501
3.196
1.632
3.059
5.598
3.248
6.213
6.225
5.111
3.364
3.492
4.274
1.105
1.699
3.697
4.013
5.096
5.334
2.233
1.681
5.767
2.157
3.556
3.411
2.341
4.720
6.406
4.955
2.673
1.171
2.677
3.272
5.950
5.804
6.468
6.597
6.790
6.969
7.066
6.768
7.297
7.383
7.580
7.545
4.711
1.200
6.631
7.744
7.424
2.766
8.454
8.676
6.349
7.211
6.889
8.296
4.673
3.254
9.219
9.887
6.481
8.801
10.193
10.215
5.274
3.138
8.068
7.363
5.043
7.896
11.611
11.846
11.600
5.625
3.600
11.972
4.253
11.129
9.640
11.397
4.677
7.303
7.702
5.827
7.190
12.494
12.495
12.033
14.788
8.828
4.302
5.756
8.888
6.504
10.046
7.504
14.189
9.533
10.533
17.064
13.330
10.681
9.733
12.030
13.410
8.583
10.102
7.770
8.773
7.793
12.803
10.070
6.850
5.596
5.012
17.607
9.222
10.015
11.099
10.101
18.321
22.707
8.241
16.948
22.336
15.250
14.178
17.280
5.002
13.577
15.000
15.962
14.872
18.244
24.193
13.340
21.887
25.227
18.747
20.398
23.342
20.848
14.971
23.640
7.657
3.306
3.526
23.269
27.206
22.944
27.508
26.022
16.423
21.515
24.562
15.955
6.761
21.086
29.715
19.594
22.795
5.907
27.137
28.812
22.328
14.472
23.779
15.405
12.420
24.863
3.359
8.678
23.524
20.429
16.774
12.240
7.354
7.182
21.441
14.447
16.528
12.246
4.791
20.282
10.723
27.824
31.374
31.429
31.054
31.976
29.093
32.363
32.391
31.806
24.203
30.098
30.774
25.715
21.351
14.259
25.785
19.126
29.037
28.986
28.643
30.321
27.234
8.493
21.320
31.587
31.620
31.238
30.881
29.740
26.040
12.201
19.961
28.479
29.187
30.685
28.773
30.083
30.266
29.383
31.301
31.337
30.931
30.359
28.091
29.242
23.628
27.819
28.194
29.562
27.895
27.137
23.933
17.917
26.783
23.848
8.858
11.029
4.034
5.373
16.841
5.103
5.840
25.533
5.311
24.371
15.759
6.012
18.109
14.381
23.776
22.965
24.716
19.891
21.803
5.781
21.573
17.439
23.466
18.525
22.957
19.949
22.007
15.237
15.301
3.270
22.948
23.831
21.946
15.146
22.406
22.313
16.743
20.695
15.187
23.062
22.063
20.890
21.716
21.449
18.218
12.884
14.136
15.453
9.921
2.346
16.542
17.294
19.594
18.916
18.945
14.941
1.229
3.656
11.848
16.674
12.167
10.848
10.559
11.384
2.018
7.946
15.981
3.017
16.000
15.890
15.322
15.139
13.509
12.800
5.394
14.176
14.208
14.003
12.241
11.914
9.748
9.766
10.973
9.552
1.874
10.768
11.038
11.096
9.055
1.380
7.646
9.492
1.503
10.587
2.158
8.441
6.872
9.394
9.735
9.317
1.819
6.584
4.653
1.085
6.975
2.614
7.978
7.672
5.603
5.082
7.317
3.098
3.204
1.440
6.295
5.553
3.683
4.225
6.224
5.566
1.781
5.823
6.646
6.582
5.191
4.569
5.029
2.601
4.477
4.291
0.457
1.841
6.125
4.003
5.965
5.863
5.972
3.903
3.585
2.290
2.901
5.947
5.181
6.051
5.945
5.793
5.970
5.846
5.493
6.056
5.851
5.542
3.311
1.922
1.402
1.417
2.512
3.237
2.808
3.486
4.459
0.899
1.474
5.719
5.024
5.029
3.366
7.188
4.468
4.507
3.970
0.557
4.784
4.011
2.768
3.675
4.051
5.713
5.246
2.280
8.835
2.871
8.695
4.574
2.199
5.435
2.484
9.950
5.212
2.758
9.565
4.967
10.706
7.977
7.382
4.336
3.011
10.697
2.458
9.473
6.029
12.388
5.352
4.883
5.281
7.333
8.153
10.871
5.831
5.194
9.652
6.888
5.411
7.358
3.852
12.731
6.126
7.830
12.929
2.949
14.337
3.845
15.368
7.265
9.759
6.692
9.014
10.412
10.690
14.887
5.269
4.236
9.897
13.667
10.315
9.888
13.804
11.035
17.200
15.931
17.454
15.438
9.699
12.019
16.287
15.307
5.233
17.842
12.049
18.458
15.251
19.704
24.295
22.731
10.119
24.498
25.310
25.450
25.456
25.792
5.964
26.306
26.606
26.765
27.070
27.081
17.104
26.777
19.326
16.742
27.508
27.996
27.298
10.614
21.278
24.695
14.351
24.228
3.711
25.946
24.994
9.573
29.677
26.860
28.983
25.504
28.030
4.175
29.755
8.356
23.261
30.490
29.834
29.391
29.190
30.059
23.864
23.734
28.801
27.948
14.590
3.099
21.119
23.160
11.630
9.832
26.693
30.433
24.030
24.810
25.087
20.491
30.815
29.273
22.641
17.930
23.335
25.498
26.414
21.411
20.290
26.119
27.621
29.681
16.019
17.596
15.878
14.750
24.180
27.703
21.291
17.970
30.002
23.132
26.598
5.808
26.597
13.451
19.661
13.108
31.315
22.025
2.159
19.227
20.564
21.113
30.791
29.271
31.054
31.218
25.761
24.586
22.194
24.269
26.438
14.054
28.622
17.646
29.944
17.706
25.146
24.632
23.537
14.288
28.873
29.085
21.537
3.189
25.999
29.170
28.456
25.963
5.060
12.898
11.817
5.345
23.875
25.987
18.634
18.314
6.696
6.388
14.538
13.566
4.598
21.372
23.889
21.107
21.254
23.262
24.831
24.244
23.700
9.120
2.263
21.610
6.945
22.951
21.801
3.371
2.605
2.721
3.441
4.445
2.837
16.979
2.676
17.333
21.210
20.867
4.961
17.406
8.559
1.614
15.929
19.925
19.759
19.457
19.029
18.917
2.375
2.275
13.646
7.217
16.383
13.409
16.820
16.324
16.508
12.870
15.548
2.765
16.460
16.206
12.755
6.366
15.252
14.277
6.614
14.555
14.368
14.060
13.719
2.379
4.270
4.929
4.874
4.803
3.591
4.806
5.285
4.374
2.753
7.051
10.565
1.967
1.853
10.514
10.250
9.526
1.036
8.180
1.568
3.101
4.049
2.067
2.020
3.257
4.577
8.581
1.978
4.063
5.823
6.783
4.858
6.662
5.161
5.451
3.303
4.740
1.257
2.649
1.316
2.895
5.266
3.338
2.815
3.021
5.378
3.184
1.244
1.929
4.814
1.901
1.282
3.762
4.209
1.249
1.828
2.543
4.852
6.070
3.764
5.958
5.974
5.974
5.900
5.860
5.950
4.741
5.864
6.004
5.631
5.897
4.564
6.298
1.227
2.057
4.512
6.193
5.636
4.618
3.205
2.234
1.597
6.740
3.187
3.990
4.211
2.850
3.707
6.283
5.060
4.863
4.834
6.738
7.044
6.581
5.776
1.090
8.073
5.313
5.736
8.609
1.815
4.977
8.880
5.025
6.555
7.610
2.772
9.546
6.369
7.782
5.978
5.303
10.772
10.645
11.010
11.417
11.652
7.601
10.741
9.194
12.588
12.608
12.755
6.103
7.087
6.905
4.986
5.137
4.613
6.865
5.735
3.943
11.716
6.387
1.922
6.006
5.546
7.651
6.537
16.467
6.095
7.341
10.350
16.217
14.245
9.688
14.512
3.740
9.100
3.331
4.746
10.102
17.619
10.449
5.268
20.999
7.058
13.250
8.496
16.525
15.371
11.005
17.168
12.203
11.471
6.449
3.690
6.897
11.695
19.727
5.189
16.593
14.781
9.750
7.915
7.867
11.104
20.763
14.070
7.118
18.313
17.598
17.577
12.261
7.497
9.647
2.311
5.060
9.776
5.049
17.586
10.167
12.495
9.215
23.302
10.149
24.368
18.548
21.359
26.871
22.417
21.547
29.117
25.695
28.146
24.582
29.475
28.618
29.679
27.418
21.716
20.024
4.450
9.100
3.612
5.857
4.233
16.849
24.999
21.645
25.947
31.163
28.543
27.260
27.536
21.516
25.625
26.098
20.921
14.886
5.593
8.258
4.184
21.549
22.759
27.651
23.507
13.683
6.258
17.958
17.328
13.222
13.185
16.924
23.474
24.974
19.403
24.703
21.001
26.102
26.941
18.854
19.287
26.511
28.892
30.204
29.720
24.651
23.606
7.419
31.536
21.324
8.002
23.957
30.768
30.781
30.152
8.596
6.722
1.885
27.197
30.725
8.441
15.806
23.502
14.537
10.807
4.300
4.925
29.178
29.162
28.013
24.758
25.770
27.460
28.332
27.628
17.870
19.163
23.614
18.525
14.613
25.847
26.934
4.011
14.532
27.307
19.376
22.187
4.053
13.598
3.333
12.837
22.677
25.508
21.053
7.522
11.255
22.807
2.566
23.994
20.875
22.122
24.219
19.383
20.943
24.070
22.908
10.737
17.564
22.019
16.873
22.004
21.531
1.277
19.651
22.248
10.390
13.277
8.838
3.680
2.222
3.184
5.875
20.864
20.076
15.301
19.235
15.195
15.505
12.568
13.079
4.731
5.063
17.265
17.825
18.073
15.474
10.637
2.242
2.073
5.536
16.566
15.973
8.995
14.221
15.017
14.582
14.729
14.651
13.911
13.326
12.341
3.276
7.012
12.378
3.886
13.057
12.323
6.163
4.097
10.148
11.566
11.916
7.264
3.815
2.229
5.152
6.304
10.136
9.902
9.694
7.357
9.695
8.801
6.571
6.637
8.688
8.666
5.730
1.221
2.764
3.402
7.540
7.891
3.351
4.223
2.736
7.452
1.484
2.315
7.380
6.831
3.181
4.631
6.846
3.186
6.177
5.509
3.449
5.143
6.521
5.708
3.316
4.369
2.075
6.138
5.882
4.197
1.540
2.093
3.849
5.888
2.914
3.560
4.287
1.668
1.703
0.536
0.407
1.621
3.978
3.918
2.920
6.238
5.749
6.150
6.052
6.271
6.081
1.848
4.212
6.609
6.330
5.361
4.926
5.556
6.696
7.010
6.952
6.936
6.956
7.168
2.478
4.223
7.276
6.999
3.364
3.819
0.955
1.712
6.723
1.925
7.755
7.923
8.605
2.870
4.062
4.097
8.296
8.584
7.488
6.925
8.247
9.431
9.327
6.257
9.745
2.175
10.179
6.893
3.006
3.916
4.394
4.802
11.571
8.980
1.680
12.303
12.115
5.034
4.447
5.424
3.402
2.320
14.396
9.439
5.106
6.515
12.514
4.737
4.859
15.324
4.208
5.097
4.631
15.866
9.760
11.758
6.833
9.334
2.409
14.381
2.524
7.611
14.119
18.673
11.298
10.336
14.029
20.462
18.191
12.686
10.038
12.320
12.835
15.176
3.334
6.421
9.702
14.496
19.574
21.718
17.485
14.491
17.287
21.064
23.873
23.739
24.416
25.124
21.130
24.450
24.627
25.575
21.600
23.550
20.010
20.598
22.815
15.018
25.467
9.556
27.237
27.424
25.108
21.379
16.621
4.872
4.403
27.456
15.276
20.554
5.474
16.841
18.746
28.560
20.720
21.694
19.807
25.425
12.742
27.860
15.715
24.674
10.139
29.953
10.093
15.984
27.136
21.039
24.715
30.789
28.085
27.516
21.241
10.292
22.775
26.923
28.615
28.985
27.167
15.893
24.982
25.266
29.546
16.306
23.760
12.929
19.400
20.443
22.437
29.346
28.791
31.947
18.234
4.201
30.354
30.131
3.901
11.812
19.922
5.644
2.716
5.631
22.747
20.725
8.761
17.228
19.710
22.858
30.927
30.167
30.280
20.843
30.418
15.278
12.250
31.433
26.015
10.926
22.093
15.335
23.133
29.060
21.359
28.756
28.733
3.042
20.971
21.933
29.693
26.789
26.212
3.672
17.046
29.528
29.590
18.262
29.102
13.981
18.172
20.623
27.771
13.870
3.871
27.442
28.261
28.070
13.374
13.323
10.504
24.844
19.273
21.105
26.364
26.571
26.394
25.957
25.648
25.658
25.761
23.654
3.770
24.597
25.137
21.242
19.521
22.002
20.838
1.861
24.612
22.914
22.353
19.364
12.434
10.889
23.217
21.231
22.297
22.594
21.312
13.129
4.571
3.007
8.048
3.536
20.080
10.215
13.313
18.658
19.302
18.244
16.354
18.848
18.688
13.896
17.648
11.081
17.669
17.623
17.226
17.322
16.882
6.697
16.788
16.727
10.838
15.017
15.387
9.304
12.764
5.127
7.503
2.049
1.989
12.510
10.675
7.709
2.203
4.255
13.663
13.647
12.556
2.002
5.387
4.979
9.253
2.151
9.766
10.914
11.138
10.976
10.438
9.682
2.281
5.017
2.568
2.795
6.890
9.074
3.236
4.712
3.642
4.499
7.398
8.062
6.114
5.378
1.903
6.748
2.795
7.979
7.150
6.691
7.062
7.158
3.398
7.161
3.972
6.007
6.675
4.609
4.127
1.857
6.021
6.189
0.957
5.522
5.074
1.842
1.950
2.468
1.355
0.974
2.635
3.802
3.360
3.337
3.513
4.021
6.035
3.534
6.081
4.567
3.684
1.860
3.353
0.771
5.817
4.585
3.669
4.724
3.166
1.133
3.861
1.997
6.385
6.074
6.224
2.421
5.892
1.968
1.789
3.056
2.534
6.266
5.142
6.754
7.049
7.443
5.906
3.194
7.514
7.971
2.413
6.870
8.393
7.423
6.088
4.013
8.114
2.751
5.252
3.629
6.844
9.577
9.188
2.409
9.197
4.910
1.844
6.696
10.815
10.514
5.102
6.314
6.945
10.909
10.124
8.743
12.400
10.534
8.333
7.526
5.746
13.532
11.355
12.381
6.750
10.949
3.192
14.790
11.193
15.108
13.255
14.220
4.874
7.492
5.408
11.874
16.421
10.744
8.571
6.586
15.755
10.720
12.445
6.032
4.113
17.924
18.003
18.442
16.457
12.215
6.874
19.508
14.403
20.440
19.861
19.925
14.717
13.845
20.161
17.566
4.378
19.719
20.058
10.556
5.817
23.557
21.461
14.328
20.776
5.720
20.728
17.636
23.110
6.858
16.302
18.571
20.777
12.770
20.517
26.171
26.633
22.733
15.186
23.285
16.446
10.740
20.286
27.806
25.372
18.613
9.424
6.566
3.815
10.110
10.750
14.933
9.350
10.247
15.797
13.059
27.991
16.335
10.969
11.119
4.594
5.526
5.588
8.061
22.916
3.363
7.540
21.508
30.819
31.327
26.867
17.798
7.310
22.077
20.243
15.450
7.923
3.442
2.306
3.445
24.529
32.392
17.731
12.697
24.462
30.777
27.097
31.047
29.305
9.043
13.529
18.541
5.411
30.326
9.253
5.799
4.513
3.944
9.819
31.918
32.380
32.009
31.933
32.261
32.534
32.494
31.048
30.743
31.258
31.838
28.824
21.291
16.041
30.456
31.435
31.145
30.469
30.311
25.207
25.332
29.214
25.820
27.852
23.872
14.191
30.007
29.687
26.549
28.758
22.378
4.055
16.468
25.030
17.355
25.173
12.029
13.468
29.129
27.921
17.124
18.332
18.564
3.854
1.786
19.302
24.200
27.530
26.142
21.778
9.517
4.105
24.558
26.075
16.178
14.092
8.755
17.427
21.316
25.170
25.465
22.454
21.945
22.285
24.473
6.689
1.779
19.123
14.743
2.278
23.548
23.842
20.766
14.067
22.382
21.335
12.800
16.323
14.803
12.727
21.310
20.896
2.222
18.082
17.017
6.752
4.457
2.875
16.154
19.678
19.689
18.731
18.805
18.247
5.279
5.561
4.781
9.788
10.954
12.355
12.002
5.869
15.972
16.049
5.017
15.713
15.652
12.311
12.458
15.496
15.804
15.379
14.215
14.685
14.448
3.915
2.956
3.636
13.240
5.258
12.901
12.314
4.813
3.467
1.318
11.000
11.700
10.729
11.176
10.489
9.069
5.517
1.372
9.125
9.532
9.650
9.549
5.384
1.120
9.171
8.541
7.954
5.736
8.164
8.201
7.434
0.816
5.025
6.470
3.389
5.820
5.620
2.775
2.433
3.059
6.937
1.305
6.763
2.484
3.850
6.862
1.488
2.635
4.126
4.181
3.943
2.043
5.148
4.173
2.259
1.396
1.180
1.742
3.978
4.365
2.734
5.174
2.338
4.510
5.824
3.263
4.353
4.285
4.215
0.524
1.228
3.721
5.775
3.599
3.441
5.984
6.064
6.188
2.653
5.881
5.763
6.560
5.130
4.684
4.453
5.695
1.795
3.809
4.674
0.919
6.360
5.187
7.044
7.107
6.879
2.106
5.349
3.698
5.339
8.287
2.205
4.826
5.324
8.144
8.953
8.568
9.229
9.408
9.651
9.843
9.442
8.371
10.268
10.460
10.761
10.330
6.754
6.587
4.570
5.879
8.627
10.567
11.320
8.789
8.839
10.082
10.678
6.929
5.518
5.477
13.948
13.425
3.580
14.659
5.335
5.702
14.644
15.546
12.782
15.110
13.199
16.495
17.010
16.931
16.933
16.318
16.768
16.084
13.923
14.220
11.281
11.242
1.858
4.814
4.150
20.368
20.515
19.994
20.245
20.934
19.277
18.676
11.005
10.997
22.137
20.042
19.674
19.788
22.714
23.217
6.769
23.096
19.117
23.429
20.918
24.265
24.493
24.774
5.027
18.363
18.715
20.998
26.090
26.373
24.415
26.207
26.711
26.386
27.159
25.398
18.346
27.238
24.606
15.731
21.252
21.667
22.637
26.105
18.110
3.741
25.248
29.658
29.307
28.929
29.817
30.100
29.648
22.387
17.413
20.607
15.588
10.552
16.706
24.319
20.443
27.075
26.053
29.623
28.159
19.284
30.777
26.641
26.760
1.556
23.930
31.325
31.130
23.872
6.539
11.529
29.273
26.305
24.989
23.588
21.240
14.573
6.820
10.838
6.185
22.114
14.197
28.206
24.157
22.185
20.434
1.800
23.309
18.418
21.783
20.063
6.569
6.661
16.982
28.279
32.327
32.491
32.049
5.447
18.137
31.439
22.284
31.516
27.713
30.220
24.622
23.436
28.022
24.438
28.878
24.284
19.137
1.715
13.906
23.723
27.609
6.965
24.656
3.709
22.876
29.019
6.375
6.938
16.406
22.642
22.012
14.257
28.475
12.832
26.377
28.653
29.199
23.058
17.954
26.112
24.131
2.372
0.970
22.737
20.844
26.471
21.146
26.208
24.899
8.717
24.304
24.636
25.720
17.737
24.733
25.714
23.952
25.691
24.579
25.116
25.149
2.311
24.706
16.736
12.578
22.210
17.603
16.189
23.260
18.097
1.592
22.052
13.355
8.150
15.733
21.074
21.749
16.235
21.220
10.136
15.970
20.494
17.542
4.165
6.139
7.767
19.884
18.815
19.395
19.011
16.691
18.169
13.703
18.204
17.635
17.173
17.234
17.189
17.096
16.910
16.294
16.336
3.333
3.279
12.891
1.384
7.999
14.764
3.948
13.103
14.882
14.181
14.056
14.116
10.079
6.399
13.353
13.321
12.895
12.508
8.520
1.443
11.667
11.180
11.145
10.831
10.927
10.403
10.310
10.182
9.416
8.209
9.209
9.165
8.200
9.062
9.111
8.916
8.834
8.959
8.725
8.522
8.374
8.239
8.041
8.034
7.426
7.620
7.282
6.983
7.421
7.211
6.577
6.953
6.735
6.783
5.683
6.342
6.101
3.295
5.790
2.035
1.957
1.286
4.458
5.705
4.414
5.800
3.242
5.152
4.844
2.575
1.717
2.450
3.108
5.413
2.481
3.039
0.883
2.665
1.613
5.930
5.308
5.963
6.047
1.591
1.773
0.816
2.383
4.562
5.917
1.468
0.981
0.831
4.536
2.409
4.490
1.357
6.732
7.153
2.566
6.854
7.528
7.608
6.815
7.513
2.757
1.337
1.712
5.245
4.035
3.861
8.648
8.660
6.072
3.699
6.278
7.454
8.590
5.610
4.479
7.505
7.870
9.372
10.432
7.526
10.298
7.405
8.264
8.198
8.983
10.905
8.346
2.470
5.951
9.000
7.858
2.524
6.607
13.503
12.669
5.311
5.801
1.875
5.456
12.183
10.211
6.365
14.861
12.340
9.192
4.535
3.196
8.733
16.814
7.259
13.287
17.408
6.961
13.802
16.267
18.427
19.091
19.352
19.175
18.998
3.589
20.197
17.497
20.365
20.661
20.103
20.418
21.534
21.542
21.659
19.952
3.827
18.918
21.001
22.701
22.721
20.090
16.973
9.184
6.010
7.516
21.390
21.887
5.770
24.697
8.373
6.026
7.204
5.828
25.567
16.959
24.353
16.227
27.169
12.820
18.424
7.036
27.681
25.423
27.659
28.237
20.963
23.793
23.265
27.001
15.782
24.542
16.079
12.408
27.162
24.437
23.804
28.954
28.704
5.364
20.997
31.444
28.872
7.692
31.389
23.689
30.252
23.320
27.093
15.598
24.002
30.276
29.591
32.161
30.636
26.827
25.373
29.479
26.603
4.045
29.463
18.318
13.339
18.805
15.000
29.086
13.256
11.364
8.414
12.023
6.066
20.875
22.438
26.837
29.446
30.603
26.506
28.654
28.420
26.949
19.526
18.357
18.672
2.587
13.515
19.980
30.499
22.954
31.633
28.746
30.066
18.686
29.060
26.891
22.610
16.623
22.186
25.006
19.273
9.119
7.076
15.658
2.782
14.966
27.044
26.750
29.378
16.016
2.807
10.751
18.438
29.752
25.001
28.225
29.187
29.618
24.116
22.387
10.158
20.756
26.800
24.946
9.790
25.823
26.621
26.395
17.174
21.942
21.495
25.895
22.461
27.408
25.171
26.541
24.623
12.506
26.342
26.176
26.290
25.944
21.254
14.201
16.548
17.512
12.153
5.864
25.137
24.152
23.265
14.967
4.795
5.236
18.921
15.936
10.734
13.783
7.896
22.674
22.763
22.057
17.807
18.545
2.773
7.706
21.244
13.463
20.859
16.578
19.662
1.596
20.296
19.295
3.897
13.511
12.668
17.739
14.572
3.859
15.137
7.678
8.701
8.183
7.573
14.823
12.430
15.440
14.608
1.345
15.516
1.999
1.527
12.175
12.151
9.546
11.748
1.343
13.080
12.545
12.555
13.249
12.830
12.668
12.320
12.394
11.838
11.802
7.667
1.238
4.578
8.428
5.798
9.357
3.291
7.239
8.156
6.535
2.739
3.795
5.155
5.399
9.129
5.486
1.104
1.218
2.507
8.400
8.564
8.435
8.272
7.026
6.441
7.477
7.585
3.003
6.791
6.829
6.796
5.588
6.139
1.479
2.243
3.935
4.491
4.241
5.095
1.775
1.632
1.507
4.381
3.449
5.209
1.780
3.432
6.085
5.670
4.835
0.726
4.604
5.041
1.270
5.813
5.089
1.113
4.049
4.538
5.661
4.001
1.421
2.328
1.246
5.831
5.489
5.711
5.630
3.466
2.468
1.875
0.659
1.955
4.925
3.885
6.463
4.979
2.436
4.328
5.819
3.704
5.049
3.074
3.319
5.921
7.056
5.507
2.560
4.357
8.457
4.723
4.499
8.937
7.227
3.515
2.571
7.115
8.751
3.430
1.790
4.245
2.120
6.130
9.879
5.663
9.859
6.619
11.491
8.588
4.964
9.006
10.371
3.498
10.895
8.762
10.173
8.387
5.314
8.095
7.973
10.359
6.145
10.860
9.614
4.879
9.601
7.872
10.190
11.162
9.291
15.208
12.782
9.299
11.288
7.606
9.673
14.572
13.653
3.846
11.158
13.069
19.561
16.431
6.069
16.346
12.481
11.887
18.200
10.052
12.130
10.512
7.020
14.174
20.743
6.794
11.091
7.627
21.678
11.281
10.310
21.329
10.794
9.291
10.881
17.575
18.685
21.371
14.205
3.192
25.111
21.138
24.924
21.759
23.133
25.457
2.759
5.629
24.697
4.106
12.654
27.136
27.594
20.024
22.108
24.722
15.110
24.268
26.780
10.619
25.453
28.011
27.214
16.907
12.021
22.834
20.779
2.676
8.761
16.818
17.463
23.116
26.791
20.270
27.275
30.659
13.670
19.116
20.609
18.323
17.256
11.474
15.397
15.252
26.188
21.482
4.909
7.436
3.646
5.558
2.023
9.682
30.543
31.576
32.106
30.755
28.454
26.672
10.637
17.124
31.865
31.992
9.232
18.671
30.288
28.522
31.452
31.994
31.648
13.156
24.188
14.615
8.015
13.988
12.309
21.642
24.103
12.654
20.573
24.264
20.336
16.888
23.955
20.380
30.736
28.516
20.984
26.274
27.827
24.930
30.690
31.005
31.190
29.717
31.013
30.990
28.124
28.820
22.119
30.115
30.126
28.903
19.098
24.196
27.546
26.077
28.796
19.050
20.510
28.716
29.201
28.601
28.440
13.978
22.279
26.231
26.046
22.031
7.842
27.503
21.197
21.358
23.264
24.072
26.284
24.450
18.811
19.462
13.247
19.386
25.993
25.565
12.078
21.326
9.499
11.684
19.259
14.661
23.625
20.844
21.838
13.021
19.437
23.120
23.176
22.941
21.300
21.945
15.742
9.007
9.158
20.025
2.897
12.058
17.654
11.362
8.667
11.803
6.626
11.463
19.831
16.302
19.069
19.506
19.279
18.833
2.623
12.738
14.342
10.308
2.554
8.963
15.318
15.895
4.536
4.350
2.093
4.302
12.278
2.811
3.153
7.544
6.205
13.390
9.131
12.954
3.984
9.822
13.558
11.323
11.028
11.779
9.764
7.821
9.144
11.048
10.724
9.636
9.723
1.985
4.771
8.819
7.962
7.791
0.734
7.499
2.385
0.655
9.263
8.409
1.775
3.477
7.446
8.390
3.952
4.107
5.354
5.197
5.547
6.564
3.292
2.272
4.525
6.618
1.502
1.243
6.836
3.839
7.018
4.976
6.661
3.910
6.813
6.712
6.634
6.488
6.401
1.593
3.926
5.831
5.639
5.868
5.957
5.949
6.044
5.983
5.865
5.907
5.849
3.832
3.727
4.139
5.738
4.255
5.523
5.096
3.944
1.567
5.943
5.231
2.801
6.203
6.278
