19910101
3.157
2.446
2.422
2.441
2.850
2.507
3.399
1.863
4.504
4.722
2.629
1.522
3.165
3.360
3.287
4.300
2.390
1.749
1.082
1.454
1.609
1.901
1.533
1.948
0.991
1.047
1.736
1.969
2.426
1.877
1.613
2.127
1.702
1.181
3.062
3.640
1.908
3.149
4.149
4.745
5.073
2.533
2.956
3.286
2.290
3.013
3.718
2.795
1.568
1.522
2.184
1.930
2.617
1.485
0.796
1.167
0.867
1.621
3.587
4.360
2.556
1.466
3.615
3.713
5.345
6.760
7.728
4.872
2.076
1.688
1.123
0.941
1.866
1.573
1.472
2.389
3.445
2.218
2.117
4.374
5.762
3.582
4.303
2.806
2.703
2.982
4.278
4.296
2.548
2.394
2.893
1.185
1.560
3.391
3.000
3.180
2.318
3.104
2.515
2.165
2.456
3.009
2.905
1.736
0.869
1.335
5.150
5.875
3.266
1.257
2.835
0.824
3.730
2.446
3.314
4.208
1.391
1.645
2.146
2.117
2.888
1.695
3.776
3.679
2.239
1.087
3.188
1.445
2.942
3.018
1.585
4.069
2.720
2.069
3.660
4.549
5.931
6.522
4.929
3.098
2.302
2.483
3.697
4.693
3.613
3.634
4.054
1.957
1.271
1.119
0.981
1.277
1.834
2.612
2.569
1.934
3.589
2.520
3.189
1.502
1.549
2.288
2.450
2.486
1.704
2.785
5.412
3.176
2.848
1.833
3.362
2.044
1.934
1.380
1.579
1.077
1.991
2.727
3.327
3.631
2.360
1.319
1.548
2.213
2.063
1.571
2.275
2.219
1.746
1.914
1.969
1.945
1.292
1.484
3.203
4.130
1.273
2.037
2.868
1.446
1.419
1.710
1.941
2.389
2.069
2.652
3.441
3.948
3.672
1.536
2.822
3.167
3.464
4.443
3.956
3.001
2.453
1.002
1.718
2.368
1.964
1.663
0.999
1.745
1.491
1.088
2.276
1.901
1.428
2.457
2.741
1.345
1.360
2.333
1.920
1.530
1.528
1.424
2.783
2.980
2.560
1.223
1.962
2.698
1.388
1.909
1.666
2.329
2.782
3.103
2.466
1.539
1.416
2.035
1.142
2.370
1.757
1.664
2.285
2.212
3.586
1.054
1.549
1.501
3.139
3.142
1.525
4.183
6.946
2.110
4.868
7.800
5.711
1.645
3.715
2.127
1.385
3.198
2.961
3.740
2.763
1.850
1.542
4.924
4.375
4.760
4.509
3.028
1.806
4.000
2.819
3.371
5.060
3.606
2.455
3.138
2.848
2.630
2.646
3.858
1.463
0.763
2.252
1.832
3.072
1.977
3.811
4.170
2.225
3.590
1.923
1.174
2.511
3.349
3.546
3.197
7.311
3.356
4.698
2.810
5.421
2.230
3.412
2.657
3.208
2.620
0.960
2.153
1.480
1.422
1.367
1.128
1.726
3.326
2.754
3.228
1.006
1.451
3.866
5.488
5.653
3.829
3.045
2.473
3.408
1.334
1.019
1.269
1.688
0.742
1.375
4.282
2.859
4.233
3.656
5.416
3.133
4.972
6.575
3.463
6.034
5.749
1.829
1.871
2.177
1.690
1.549
0.893
1.134
1.982
1.675
2.614
3.035
5.519
4.170
3.266
1.852
1.629
2.401
2.872
1.988
3.449
2.308
2.217
2.992
3.131
3.647
4.600
3.372
1.423
2.389
2.368
2.239
1.422
3.042
2.928
2.400
2.318
2.838
4.034
5.617
4.713
1.013
0.946
2.734
2.499
2.302
1.669
3.615
3.404
2.208
2.731
4.429
3.723
2.264
2.612
3.687
2.503
2.767
2.188
3.557
2.840
2.964
1.326
1.825
3.366
2.805
2.078
1.318
3.358
2.633
2.735
2.657
1.130
2.138
2.609
2.279
3.963
3.976
4.235
5.012
3.062
1.637
2.909
3.210
2.826
3.590
3.126
3.138
2.821
2.300
2.074
2.866
3.176
4.187
7.315
3.627
1.708
4.864
5.048
3.373
2.553
1.641
2.035
2.480
3.750
3.398
1.595
2.702
2.278
5.452
4.156
4.746
5.038
4.791
4.331
2.288
2.535
2.363
1.714
2.554
1.465
1.698
3.804
4.054
4.215
4.036
4.080
2.409
1.931
1.800
2.076
0.838
1.271
1.593
1.876
3.230
1.914
0.899
2.769
2.181
2.594
1.881
2.504
1.885
3.214
3.590
2.443
2.969
3.172
1.723
1.371
1.934
1.568
2.073
1.770
3.354
3.160
5.494
1.982
2.124
4.323
2.011
3.022
1.978
2.494
1.414
2.033
2.651
2.597
2.858
1.532
1.810
2.684
2.341
0.987
3.575
1.735
4.378
5.108
1.939
2.900
3.370
3.169
1.972
2.765
3.308
2.618
1.194
1.919
2.769
1.400
1.742
2.139
1.513
2.521
1.617
2.210
2.330
3.252
1.717
2.520
1.728
2.159
2.588
1.226
2.453
2.340
1.928
1.431
2.304
1.285
0.908
1.952
2.686
2.708
1.723
2.288
1.267
1.791
2.178
2.038
1.786
1.195
1.831
3.665
4.462
4.214
1.100
1.735
1.021
2.515
2.729
1.316
1.027
0.870
1.376
3.288
1.269
1.841
2.264
1.007
1.278
2.359
2.112
4.676
6.081
4.780
6.080
3.767
2.546
1.675
3.281
4.789
2.821
1.462
0.754
1.447
4.169
2.044
1.385
2.514
2.334
1.397
1.666
1.208
1.365
1.014
1.010
3.109
5.267
4.032
1.546
3.503
4.299
4.791
3.953
2.522
2.929
1.078
1.585
3.448
3.825
4.752
4.013
1.897
1.848
2.960
2.260
1.366
2.479
1.853
1.342
1.619
1.291
3.022
4.126
4.037
3.487
2.630
2.376
2.045
2.866
4.467
3.510
2.953
5.520
2.209
1.924
2.145
3.566
3.105
2.683
2.390
2.945
1.269
1.633
2.398
3.299
3.380
3.987
3.445
2.673
2.305
4.793
3.238
3.086
3.494
2.641
2.859
1.924
3.994
1.917
1.992
2.469
3.739
2.450
2.665
2.357
2.603
3.600
6.316
4.457
5.692
5.548
5.914
3.860
2.781
3.707
3.138
1.315
3.473
3.795
1.684
3.882
3.820
1.585
3.903
2.390
1.071
0.913
1.218
2.659
1.554
2.024
2.990
3.090
2.653
1.802
2.166
1.860
3.669
3.604
2.538
3.730
2.510
1.302
2.374
2.559
1.429
2.352
5.334
4.643
3.666
2.608
4.018
1.372
2.107
1.726
1.890
1.282
1.675
2.109
2.779
2.938
4.588
3.914
4.521
2.614
2.347
2.384
2.068
2.617
1.326
2.546
3.571
1.554
1.979
2.366
2.902
2.607
2.518
1.666
2.732
1.714
1.858
3.124
3.482
3.921
3.562
4.137
6.080
5.423
6.492
4.928
5.271
3.548
1.538
3.460
4.094
4.227
4.396
2.886
4.993
5.008
5.457
6.149
3.326
1.713
1.372
2.091
2.068
2.737
1.774
1.153
1.750
2.778
1.461
2.094
2.848
3.342
1.851
2.239
3.120
5.669
5.400
5.159
5.271
3.378
2.449
1.954
3.087
2.207
3.220
2.294
2.149
2.775
3.181
3.125
1.176
1.414
3.274
1.460
1.895
0.937
3.210
3.144
3.265
2.192
2.679
1.618
3.693
2.745
2.659
6.150
6.774
5.086
3.989
4.398
2.860
3.652
2.795
1.299
2.009
1.991
1.829
2.092
1.584
2.611
2.820
3.070
3.934
3.148
2.657
0.943
1.210
2.073
3.084
3.730
3.525
4.126
3.076
1.315
1.496
1.708
1.542
2.349
6.752
2.273
2.287
2.930
1.841
2.130
3.417
4.052
3.074
1.550
1.468
0.999
1.000
4.060
5.263
2.860
2.343
1.231
2.286
2.118
2.457
2.949
1.836
2.596
2.290
2.957
2.831
2.865
3.192
2.273
3.331
3.401
3.414
1.859
2.206
1.804
1.654
0.865
1.093
3.775
5.657
4.870
1.625
3.020
5.290
3.880
2.844
2.843
1.929
2.871
2.307
1.941
2.029
2.506
2.411
3.479
3.589
3.038
2.260
3.515
2.186
1.357
2.925
1.471
4.268
3.294
2.435
2.251
1.686
2.592
1.977
2.249
0.875
1.453
2.729
1.920
1.754
2.804
1.715
3.919
2.606
1.813
1.462
1.385
1.871
1.888
1.198
4.258
2.579
2.148
1.277
1.827
3.173
4.305
3.672
1.749
3.293
3.004
1.643
2.332
3.529
4.110
2.499
3.428
4.354
4.458
2.423
1.041
2.361
6.583
5.247
3.229
2.462
0.852
1.632
1.953
2.015
2.030
5.886
5.966
5.920
3.034
3.612
2.030
2.776
2.801
2.872
7.140
6.340
2.299
1.315
4.679
6.760
4.863
6.845
2.761
3.886
4.577
7.182
6.230
6.514
3.167
3.765
4.438
1.240
1.214
1.012
3.105
3.786
2.126
1.197
1.940
1.435
1.561
2.010
3.243
3.178
3.693
3.775
4.224
2.634
2.618
3.321
3.093
3.688
1.999
0.934
1.947
2.616
2.754
3.293
4.218
4.319
5.693
3.001
1.297
1.645
1.451
3.481
2.083
3.662
3.315
1.113
2.341
1.450
1.839
2.490
2.195
2.033
1.624
1.308
1.627
2.754
2.267
2.380
3.065
4.010
2.400
4.303
3.077
4.978
3.017
3.234
3.313
3.695
1.937
4.077
3.758
3.661
4.200
3.593
5.488
2.991
5.310
4.377
1.620
1.777
2.518
4.620
5.896
3.488
2.775
3.060
4.360
9.743
9.892
5.134
3.007
4.834
3.276
1.682
1.536
1.802
2.197
2.313
2.321
1.558
2.039
3.019
2.915
1.143
1.638
2.471
2.856
4.968
3.025
6.020
5.297
2.423
3.334
1.745
2.342
4.713
6.274
5.564
2.326
1.246
3.004
3.143
2.574
3.448
3.247
2.500
4.042
3.982
1.829
1.973
1.211
2.134
2.787
1.229
2.592
3.798
2.218
1.562
3.923
5.065
5.374
3.177
2.210
2.201
4.854
2.053
2.307
1.846
2.441
1.859
1.893
3.260
2.372
2.266
3.779
2.186
2.807
3.441
2.826
3.719
2.867
1.531
1.486
1.989
3.265
2.831
3.890
3.340
2.148
1.179
3.220
3.440
5.585
3.897
2.748
4.888
4.151
4.492
2.969
3.247
4.082
3.010
4.053
4.678
4.055
2.943
4.237
2.321
2.613
3.679
1.383
2.010
1.358
1.534
3.004
3.047
2.962
3.309
1.794
2.619
1.420
1.845
3.331
2.723
1.587
2.000
3.654
3.388
1.458
2.408
2.348
3.191
2.216
2.005
3.251
5.632
2.477
4.345
4.886
4.013
2.870
1.979
3.421
2.957
4.154
2.389
1.985
3.035
3.037
2.443
1.775
1.850
1.877
1.538
4.505
1.418
2.298
4.760
4.234
2.400
2.378
3.985
3.759
4.030
4.302
3.989
3.498
3.527
2.901
2.842
2.353
1.540
2.581
3.079
1.571
1.841
1.795
4.037
4.385
4.107
2.344
1.852
1.899
1.291
2.265
2.045
1.758
2.484
1.495
2.772
2.674
3.379
3.390
2.103
1.089
1.958
1.951
2.585
1.772
2.139
2.241
1.781
2.318
1.320
1.019
2.578
1.407
1.583
0.923
1.030
1.669
1.841
2.735
2.669
1.590
0.756
1.071
0.784
1.231
1.415
1.714
2.096
2.053
6.069
1.939
2.569
1.630
2.275
1.953
1.712
2.311
3.420
2.580
2.445
2.132
2.051
2.312
1.975
4.437
4.098
1.585
1.460
1.047
1.986
4.470
3.631
2.518
3.577
1.266
0.907
2.288
4.401
6.063
2.142
2.362
1.916
3.928
4.371
6.137
3.647
2.035
4.106
2.706
2.753
1.905
3.172
4.560
4.695
5.320
2.939
2.634
1.729
0.990
1.703
2.896
1.710
1.957
2.516
3.385
3.836
4.107
3.098
1.238
2.033
1.390
1.185
1.360
1.579
2.101
1.269
1.507
1.670
1.598
5.460
5.994
3.757
3.797
4.079
2.531
2.364
2.524
2.869
3.596
2.223
2.411
2.808
1.735
2.667
4.206
5.698
7.757
4.780
2.481
2.271
3.192
3.500
5.034
2.534
1.812
1.595
1.976
2.086
1.816
2.485
2.765
2.423
1.893
1.679
2.484
2.367
4.007
2.605
2.208
1.658
1.287
2.042
2.046
3.394
2.327
1.679
2.376
2.094
3.828
2.575
2.796
3.423
2.851
2.272
2.410
4.101
2.590
1.915
2.330
2.746
1.979
2.638
4.812
4.730
3.180
1.729
0.934
1.528
2.419
2.178
3.487
4.487
2.902
3.166
3.206
4.681
4.007
1.672
2.149
2.983
1.589
2.462
4.026
5.146
5.071
5.772
3.678
3.004
2.364
3.823
5.727
3.024
4.672
2.220
5.821
5.504
3.301
4.380
5.763
4.989
4.588
3.343
3.548
3.286
2.396
3.203
1.672
2.245
4.520
2.263
2.032
2.182
2.973
2.999
3.024
2.643
5.154
3.490
3.517
2.946
3.616
4.273
2.248
1.699
2.676
3.407
3.605
3.906
2.683
3.221
4.165
1.322
3.810
2.246
2.982
4.710
3.720
3.408
2.421
4.560
2.959
2.415
2.066
1.329
1.698
1.841
1.524
2.184
3.941
3.256
3.319
5.094
4.984
4.370
3.044
1.461
2.062
2.845
4.102
6.083
6.840
6.685
4.015
5.586
4.121
1.951
1.936
1.535
2.087
2.335
4.792
5.045
2.764
3.707
4.206
4.470
4.742
3.525
3.113
3.371
3.201
4.997
3.582
5.293
6.351
4.124
3.649
3.795
2.023
1.627
1.001
2.267
2.534
2.270
3.025
2.759
2.326
1.684
0.858
1.310
1.521
2.580
1.900
2.439
3.526
3.648
4.994
2.646
4.071
2.688
4.092
3.590
4.892
4.290
1.620
2.268
2.493
2.336
2.589
2.613
1.088
1.767
1.453
1.172
2.266
2.584
0.992
1.730
1.639
3.320
1.893
2.268
2.404
2.288
1.767
1.817
2.147
1.942
1.058
1.371
0.986
1.952
1.005
1.732
1.653
3.133
3.872
4.138
3.538
3.288
2.894
1.721
1.210
1.100
1.368
2.736
3.893
2.246
2.140
2.795
1.346
1.630
2.116
2.354
2.634
1.578
1.532
1.517
2.291
1.826
1.545
2.031
2.879
0.740
1.509
1.554
2.705
1.450
1.329
1.744
2.091
2.623
2.635
1.197
2.122
1.513
2.464
2.112
1.278
0.927
1.155
1.306
1.200
1.885
2.001
1.909
1.011
1.366
2.109
3.000
3.724
2.243
2.153
0.977
2.744
2.260
2.103
2.576
1.800
3.410
3.104
2.761
4.560
4.060
3.792
3.140
3.305
1.884
1.710
2.143
2.337
1.416
4.894
1.776
1.800
2.979
1.987
3.306
4.509
3.280
2.626
1.850
1.379
3.560
5.082
3.368
2.858
2.390
1.860
2.179
1.697
1.307
2.241
3.473
3.271
1.393
2.429
1.565
1.953
2.927
3.590
2.864
1.530
0.986
1.422
2.647
2.439
1.963
1.502
0.983
0.982
1.422
1.615
1.230
1.297
1.786
1.841
2.243
1.928
3.368
1.983
1.372
1.401
1.384
2.446
1.836
2.017
2.228
4.981
4.779
6.155
6.129
4.496
5.118
4.035
2.115
3.867
5.442
4.537
2.907
1.926
3.392
4.886
2.426
6.441
3.517
5.221
2.043
1.683
1.780
3.085
4.837
5.862
5.011
2.089
1.365
1.678
1.435
1.754
2.387
2.812
1.653
2.635
4.469
4.604
1.352
1.278
2.381
4.230
5.182
3.193
5.069
5.156
4.075
2.779
2.620
2.541
3.028
5.078
4.619
2.728
2.304
2.586
4.819
2.272
2.226
4.071
4.029
2.774
2.633
3.906
2.255
2.910
6.029
4.972
2.397
5.325
6.228
6.038
5.853
1.922
2.423
1.571
1.052
2.384
1.838
1.872
2.164
2.334
3.563
6.003
4.602
4.040
4.128
1.280
1.788
3.398
1.772
3.328
4.866
5.514
2.334
2.433
3.293
2.371
2.349
4.339
3.934
1.638
1.258
4.837
3.731
3.465
3.594
3.088
4.470
4.531
3.005
2.524
3.550
3.536
2.428
2.062
2.760
4.225
2.075
1.417
2.699
5.269
5.544
3.523
3.079
2.134
1.749
3.290
2.954
1.583
1.657
2.530
2.920
2.425
3.993
4.308
1.854
0.963
0.995
0.966
1.251
1.714
2.008
1.571
1.778
1.250
2.581
3.777
2.537
2.461
2.496
2.528
3.229
4.065
4.588
3.949
1.722
1.791
1.625
2.452
2.712
2.116
2.427
2.512
3.003
4.103
4.484
3.092
1.812
1.652
1.448
3.401
3.879
4.754
5.368
1.712
2.396
1.648
3.436
1.689
1.849
2.636
1.680
5.793
3.191
1.725
2.044
1.800
3.099
1.337
2.127
1.253
1.762
3.596
3.840
3.604
2.142
2.109
5.031
6.632
6.648
2.818
2.037
2.657
1.837
2.060
3.101
2.566
2.558
5.530
3.743
1.350
1.850
2.098
3.263
1.473
2.171
1.511
1.275
1.924
2.053
1.266
0.785
1.525
2.060
3.267
3.378
2.826
2.184
1.269
1.751
1.974
1.867
2.800
5.004
4.695
1.532
2.436
3.487
3.592
1.347
2.933
2.657
1.605
1.817
2.233
1.490
4.181
2.648
4.063
5.788
4.538
2.523
3.367
1.914
0.936
1.772
1.998
3.085
1.013
2.676
3.052
2.032
1.275
1.324
2.293
3.383
3.211
2.371
3.082
2.036
1.440
3.988
2.869
1.516
1.530
3.255
2.643
1.541
1.631
1.766
1.899
0.997
2.525
2.331
1.834
1.373
1.423
2.725
3.198
2.982
1.418
1.999
2.625
2.232
2.367
1.476
1.189
2.461
1.757
1.900
2.857
1.931
2.013
2.510
3.646
3.486
2.238
2.597
3.639
4.552
5.296
4.313
2.095
1.318
1.517
2.621
3.571
4.300
2.466
2.238
0.932
3.172
4.324
2.332
2.871
1.686
4.007
3.264
1.666
1.571
1.362
2.806
1.421
2.830
6.995
4.658
3.276
1.269
2.249
2.505
2.157
1.919
2.509
2.366
1.365
2.273
4.962
5.480
4.204
2.318
3.127
2.588
2.761
2.743
3.920
3.971
1.350
1.168
2.295
2.677
0.956
2.441
3.373
3.468
1.337
2.841
1.856
1.481
2.852
3.867
2.640
3.699
2.254
1.552
4.856
8.662
10.429
6.183
2.968
4.480
4.138
3.867
4.887
4.020
3.900
2.275
2.666
3.134
4.311
3.825
3.299
2.983
4.114
4.304
3.236
4.863
3.257
2.905
4.626
3.230
3.143
1.969
3.109
5.074
4.239
2.480
2.772
4.068
2.228
1.675
1.807
2.167
1.785
3.472
3.106
1.771
3.490
4.587
1.505
3.709
6.100
2.458
2.561
1.639
2.273
3.271
3.085
3.169
5.224
4.290
1.418
2.882
2.399
3.291
3.524
2.348
2.280
1.584
1.455
1.809
2.743
2.867
3.639
1.635
3.741
1.475
2.242
4.641
3.550
1.629
1.162
3.171
1.606
2.064
1.831
1.532
2.410
2.732
0.987
1.236
1.374
2.872
3.335
2.203
0.989
1.233
1.512
1.767
2.682
4.038
2.820
4.353
3.857
2.114
2.716
4.030
3.553
1.910
1.851
3.038
4.048
6.223
4.080
5.821
2.463
1.573
1.762
1.447
1.808
1.542
3.770
1.384
1.407
1.202
1.914
1.780
1.644
2.909
2.268
3.175
4.127
5.302
3.231
3.476
4.333
3.890
3.436
1.976
2.394
2.319
2.219
2.097
3.784
6.014
6.628
3.778
2.960
1.209
1.880
5.441
4.312
5.509
4.502
0.959
1.231
2.129
3.706
4.509
3.173
1.926
4.614
5.393
2.666
1.120
1.354
3.604
4.297
5.675
2.971
1.771
1.687
2.328
3.032
2.290
2.547
3.717
3.164
1.095
1.558
1.832
5.864
5.443
2.663
3.667
3.108
2.915
4.861
3.464
2.998
3.765
2.452
3.139
2.241
2.921
2.346
3.609
1.993
3.084
1.587
1.703
2.338
3.263
3.026
3.738
3.142
4.356
2.410
3.442
2.418
1.837
1.740
4.101
2.268
1.149
2.468
1.088
1.804
2.607
1.523
1.222
1.882
1.677
1.326
2.176
2.055
3.501
2.511
5.249
3.639
3.363
2.578
2.414
4.182
5.104
5.099
5.548
3.496
1.527
4.623
3.495
2.925
2.889
5.411
5.353
4.241
1.573
2.217
1.560
1.901
1.588
1.724
3.037
1.877
2.416
3.449
3.991
3.316
2.903
1.261
1.523
1.840
2.927
3.384
2.905
1.010
1.531
1.788
2.054
3.167
3.364
1.296
1.300
0.942
1.814
0.846
1.999
2.842
1.734
3.724
1.935
2.480
2.298
1.626
1.194
1.903
1.918
0.686
1.186
1.683
1.144
1.297
1.605
1.874
1.486
2.061
4.514
4.232
2.958
2.245
1.793
1.419
1.027
1.006
1.546
1.886
1.943
1.341
2.867
3.418
2.551
3.588
3.184
3.671
1.461
2.053
1.603
0.892
2.232
1.399
1.167
0.959
1.705
2.136
1.631
1.710
1.985
1.051
1.766
2.719
3.641
4.147
3.431
1.542
1.407
3.919
4.050
2.067
2.967
3.905
3.335
4.945
3.780
4.593
2.588
1.694
1.598
1.808
1.674
1.179
1.215
1.628
0.974
3.871
3.086
2.741
3.064
2.525
1.920
3.228
2.577
1.053
1.491
1.197
5.082
6.234
9.016
6.927
2.400
4.002
3.071
5.361
7.017
3.036
3.443
2.336
3.483
2.533
2.660
3.181
1.788
1.450
1.500
2.153
2.777
3.685
3.405
3.284
2.968
1.553
4.404
4.212
3.597
5.393
2.686
1.578
1.758
1.932
1.490
1.548
2.485
2.961
3.225
5.456
2.987
2.587
3.904
7.693
7.662
7.060
4.094
2.180
1.138
1.434
1.452
2.686
2.294
2.238
2.208
1.206
2.523
4.009
4.776
5.442
3.482
4.676
4.080
3.482
1.692
1.300
1.697
1.017
3.416
3.183
4.648
3.478
2.468
3.715
4.018
4.373
5.033
4.537
7.023
4.357
1.745
1.850
1.609
1.554
2.311
1.703
2.268
1.896
2.296
2.223
1.619
2.197
2.013
2.058
1.343
1.981
3.085
0.947
1.009
1.224
1.712
2.223
1.025
1.712
2.598
4.885
1.833
1.965
2.750
4.568
4.244
2.722
3.349
3.638
0.892
1.335
2.316
2.565
1.612
3.352
5.249
5.347
2.856
3.079
2.771
5.184
5.660
2.466
2.253
3.010
4.367
5.721
6.651
5.057
3.971
4.530
5.022
5.799
3.844
3.802
3.692
3.573
1.509
1.459
0.855
2.454
2.635
2.203
2.209
2.503
5.263
6.587
3.928
2.734
6.000
2.049
3.507
7.008
4.759
3.199
2.728
3.376
7.114
3.767
3.378
3.726
3.155
1.835
1.255
1.022
2.780
2.388
1.615
4.413
6.385
2.691
3.276
5.029
3.814
2.527
1.539
5.122
3.657
1.055
2.348
2.370
2.275
2.035
2.723
1.143
0.875
1.767
2.255
2.346
4.343
4.164
3.544
1.961
2.140
3.401
2.120
1.012
1.947
1.669
4.335
5.866
2.780
1.798
3.488
1.850
3.453
2.605
2.093
3.995
5.062
5.857
2.632
1.157
2.693
3.261
4.262
3.671
1.440
1.439
2.107
2.777
2.292
1.733
1.217
1.856
2.624
2.254
1.250
1.431
2.346
2.786
1.739
1.686
2.016
2.997
2.738
2.357
4.091
3.240
1.676
2.529
4.867
4.142
2.156
2.533
1.821
3.566
3.573
1.852
1.514
1.830
2.023
2.852
3.412
5.021
2.194
1.581
1.051
1.815
1.886
3.559
3.049
1.537
2.819
1.485
4.714
5.064
2.939
2.168
3.715
2.113
1.182
1.442
2.361
0.950
1.091
2.635
2.412
1.911
2.423
1.416
1.536
1.643
2.608
1.220
1.694
2.995
2.571
3.390
2.673
1.907
3.052
4.455
2.903
1.381
1.029
2.035
3.061
2.759
2.248
3.932
2.132
2.892
2.116
2.982
4.137
5.431
4.515
3.448
2.850
3.103
2.240
2.894
2.998
2.295
2.131
2.615
1.821
1.563
3.462
3.859
4.992
2.877
2.540
1.599
4.553
3.482
1.295
1.845
2.221
2.571
4.488
1.434
1.543
3.550
3.309
1.527
3.087
3.520
1.624
1.282
2.280
4.908
2.387
3.026
3.790
2.561
0.994
2.211
2.969
4.484
2.490
3.235
4.759
4.493
3.319
2.867
4.814
2.778
4.599
3.105
2.560
2.142
2.281
1.306
2.184
2.015
5.005
2.248
1.921
3.512
3.035
3.183
3.734
1.850
1.821
4.696
4.810
2.545
1.685
1.631
1.338
2.413
2.384
1.894
1.949
1.501
2.078
3.078
3.725
3.087
3.634
4.280
4.107
4.072
1.079
2.101
2.084
2.111
3.155
4.066
2.627
2.804
1.856
1.498
2.041
1.782
5.450
4.240
1.998
2.173
1.566
2.050
3.549
2.811
3.053
4.707
6.844
5.746
3.851
2.345
2.564
1.636
2.162
1.887
1.857
2.164
4.462
5.216
2.480
3.680
2.647
2.441
4.402
4.295
1.856
1.970
2.732
1.552
1.030
2.023
1.277
1.722
2.416
3.936
3.845
6.539
8.219
5.130
3.437
4.085
3.827
3.953
4.686
4.321
3.588
3.862
5.018
5.602
6.191
5.520
4.933
3.977
2.046
2.947
3.601
3.598
3.267
2.870
2.829
4.866
5.178
2.416
1.498
1.930
3.973
1.604
2.069
2.396
4.953
7.900
2.395
1.233
3.391
3.327
5.801
4.429
2.031
2.134
0.861
1.860
1.979
3.481
3.312
2.947
3.761
4.737
2.107
3.053
3.243
2.825
6.310
5.491
3.928
2.927
3.120
2.278
1.028
1.495
2.085
2.137
1.714
1.895
1.962
3.155
5.395
3.332
1.167
2.821
3.342
3.436
4.623
6.785
1.842
2.449
3.588
1.851
2.140
4.339
1.191
1.279
2.019
2.078
3.066
3.173
1.499
3.851
1.887
1.237
1.063
2.739
4.170
1.874
1.456
2.905
2.699
2.708
3.229
2.016
2.070
2.329
2.840
2.662
2.616
5.043
5.249
5.094
3.139
3.825
3.656
2.612
1.609
1.554
0.873
2.760
1.445
1.473
2.051
1.250
1.454
3.723
2.147
3.557
3.701
4.409
4.350
3.785
1.386
2.737
2.591
2.065
1.084
1.398
2.047
1.848
2.607
3.398
2.487
1.379
3.465
5.747
1.925
1.636
1.742
3.045
4.072
2.168
1.577
1.637
1.683
1.348
1.565
3.714
5.422
4.043
3.768
4.832
3.856
2.136
2.260
2.807
2.691
3.232
2.516
1.581
0.864
1.687
2.313
1.971
1.516
2.876
4.306
3.274
1.604
2.403
1.099
1.377
1.424
1.802
1.376
1.534
1.291
2.011
1.973
1.907
2.326
2.865
4.592
4.408
3.028
2.509
2.163
3.589
2.411
2.159
2.895
1.178
3.441
1.602
1.793
2.365
1.332
1.545
1.238
2.291
2.426
2.229
1.425
2.079
3.030
2.974
3.678
4.215
2.397
2.279
2.429
1.981
1.739
1.985
1.982
1.703
1.937
1.684
2.108
2.040
3.648
1.257
2.681
3.265
6.064
6.713
2.878
3.743
2.346
1.766
4.203
4.232
2.610
3.137
2.220
4.645
1.778
5.083
4.040
3.982
3.695
3.285
1.306
1.204
2.397
1.542
0.789
1.345
1.501
2.501
2.127
1.826
1.035
3.048
3.259
4.702
6.344
4.749
5.083
6.093
6.585
2.620
1.966
1.628
1.982
4.430
2.352
3.861
2.646
2.645
3.347
4.250
4.966
5.384
4.748
4.346
3.282
1.769
3.428
2.966
1.849
2.799
2.275
3.291
3.172
4.685
1.590
2.446
3.220
4.647
4.871
1.503
2.475
1.111
2.950
3.654
1.285
1.758
2.498
3.913
2.941
5.179
2.823
1.876
2.363
5.371
3.797
2.544
4.639
2.868
4.627
3.308
4.321
1.575
3.247
3.360
6.396
3.500
1.035
2.122
2.278
5.822
4.992
4.816
6.723
3.904
2.169
1.161
2.844
3.556
1.165
1.083
1.609
1.851
1.515
2.244
1.385
1.826
1.134
0.964
2.811
2.813
1.925
3.141
5.753
9.259
6.108
3.244
5.545
2.824
4.713
3.303
0.847
1.744
1.171
1.705
2.947
4.456
3.314
2.398
1.597
4.855
1.878
2.024
2.640
1.772
2.857
5.164
3.595
2.076
2.268
2.313
3.271
2.304
3.632
3.222
3.388
3.232
4.337
3.413
1.573
2.342
2.042
2.629
1.473
1.870
5.487
5.070
4.500
5.353
3.303
3.777
3.891
1.928
1.798
2.507
3.789
4.549
2.896
2.533
1.968
2.118
5.469
5.630
6.788
5.704
4.898
2.726
1.170
1.758
2.261
2.694
2.079
3.381
2.443
2.129
4.166
3.101
2.315
2.909
3.727
6.604
5.095
2.963
4.768
3.707
2.005
4.475
3.669
3.785
4.001
4.917
5.270
4.113
5.153
4.366
2.369
2.630
1.585
1.814
3.885
4.301
3.743
2.129
3.043
4.507
5.391
3.976
1.639
1.107
1.435
2.120
1.575
2.229
4.004
4.388
2.846
2.578
3.539
3.193
2.176
1.464
1.191
2.134
2.031
3.015
2.112
3.002
3.543
3.177
3.700
1.775
1.968
2.190
3.542
4.004
4.129
3.121
2.710
3.482
1.716
1.600
1.748
2.065
3.479
2.403
3.209
2.868
3.857
3.639
4.000
1.079
2.639
1.060
3.203
3.725
3.476
2.072
0.741
1.934
2.319
1.484
2.332
2.293
3.623
2.674
1.865
2.814
2.579
1.329
2.566
3.586
5.139
5.069
1.716
1.185
3.730
4.008
3.008
5.216
2.908
3.606
2.785
2.800
4.029
3.358
1.379
1.817
2.646
3.103
2.782
1.802
3.516
5.512
2.527
2.968
1.533
2.330
3.145
3.269
1.501
1.727
2.336
2.385
2.204
1.417
2.855
3.611
1.641
0.974
1.207
1.401
2.069
0.752
1.537
0.823
1.183
2.222
3.461
5.056
4.478
4.255
1.586
1.821
2.127
2.718
1.359
2.045
2.735
0.807
2.438
2.040
3.225
1.884
2.926
3.337
3.368
1.769
3.995
2.495
1.300
1.627
1.502
1.781
1.928
1.092
1.836
2.895
2.278
1.927
3.883
5.952
3.771
3.142
1.391
1.967
2.017
1.680
2.742
3.715
5.871
4.445
2.833
1.922
3.633
1.276
1.351
3.984
5.060
2.924
2.322
4.023
7.440
6.382
6.828
4.860
5.180
6.266
2.108
1.595
0.888
3.318
3.199
1.653
2.633
1.440
2.215
2.354
2.107
2.330
2.086
6.774
5.773
2.154
5.207
5.527
2.183
3.268
8.419
5.236
4.743
3.579
0.838
2.681
5.932
7.676
6.346
3.364
3.760
3.489
3.418
2.627
3.665
2.233
3.889
6.303
3.109
2.496
2.617
1.573
1.892
3.800
2.465
4.547
3.561
2.348
3.051
2.786
4.035
5.370
5.905
2.994
2.165
2.021
1.619
2.017
2.337
2.749
3.250
1.481
1.305
2.611
2.511
2.258
2.114
3.170
4.744
5.690
3.185
2.921
3.393
3.301
2.331
2.294
3.997
5.606
2.121
4.197
5.770
6.121
3.856
3.775
3.987
4.232
1.980
1.630
2.244
2.488
3.233
2.130
3.197
2.849
2.958
1.173
1.515
4.007
3.587
6.233
3.873
1.826
4.280
3.343
2.887
5.379
4.875
5.133
3.176
2.763
3.038
3.663
4.781
7.302
7.179
2.966
2.642
0.708
1.839
2.517
2.123
2.206
1.577
2.639
4.095
3.750
5.524
5.082
4.859
3.642
2.431
2.390
3.891
4.181
6.182
1.932
3.883
5.089
5.095
2.953
2.167
3.352
6.055
2.725
2.592
2.274
4.521
3.214
2.826
2.547
3.935
4.413
2.791
2.981
2.374
3.126
3.330
3.039
4.563
2.407
2.547
2.601
3.163
4.887
4.313
2.764
1.353
3.001
1.767
4.042
4.247
2.251
3.687
5.126
3.044
2.223
4.366
4.497
4.300
3.747
2.849
2.671
3.040
3.138
1.501
4.143
3.795
3.646
1.537
2.053
4.313
2.600
2.769
1.709
4.505
4.956
4.628
3.798
3.760
3.005
2.959
2.880
3.070
2.565
1.383
1.625
2.702
2.722
1.327
3.708
3.869
4.226
4.885
3.552
2.947
2.070
1.774
1.227
2.299
1.192
2.052
1.927
1.314
2.110
2.548
2.253
2.619
3.726
2.078
4.383
4.342
1.460
2.806
1.695
3.501
3.049
1.970
4.033
1.464
1.146
1.677
3.063
2.533
3.478
4.570
4.643
3.503
1.815
3.121
2.725
2.531
2.250
1.035
1.892
1.889
2.725
1.399
2.902
3.568
2.084
1.657
2.579
5.378
5.065
1.585
1.750
2.045
2.326
2.256
2.159
4.279
5.284
2.077
2.588
2.905
2.980
5.598
3.470
2.493
2.262
2.545
2.945
0.977
1.232
0.801
1.525
2.984
1.714
1.425
3.529
3.968
3.132
2.940
1.684
1.902
3.175
2.273
2.974
4.538
1.753
1.925
2.181
3.252
1.588
2.475
3.633
2.050
2.392
2.119
1.513
1.492
1.543
1.675
1.494
2.715
2.318
1.977
2.384
3.470
3.513
2.877
1.982
2.704
5.549
3.265
2.958
3.117
4.171
3.829
3.071
3.008
4.000
4.221
3.298
2.781
3.663
2.599
5.105
3.910
1.626
2.910
3.593
2.392
3.068
2.878
1.293
1.814
3.833
1.696
2.449
3.812
3.390
2.307
2.716
2.473
4.696
4.548
3.597
1.615
1.459
1.147
1.078
1.848
2.111
1.988
2.553
2.876
2.887
5.725
2.903
1.343
1.345
2.420
1.943
1.883
1.227
1.245
2.256
2.113
3.711
5.409
4.073
1.318
0.920
2.274
2.115
2.409
3.859
5.789
3.075
2.983
2.076
4.345
4.928
2.072
1.757
2.452
1.499
2.426
3.037
1.476
2.438
6.033
5.856
4.404
2.430
2.299
2.277
2.658
2.972
1.740
1.446
1.205
1.208
1.992
4.725
4.820
2.823
2.199
1.552
3.721
4.664
5.201
2.305
2.038
4.071
4.051
2.316
1.809
2.974
1.594
2.160
3.123
1.375
2.637
3.609
3.716
3.033
4.780
3.356
3.928
2.299
3.089
2.359
2.262
1.987
1.316
2.559
1.769
1.698
1.417
1.426
1.650
2.253
1.365
1.340
2.600
1.412
1.198
1.451
2.372
2.780
2.621
4.479
4.189
2.063
2.874
4.095
2.114
2.118
2.488
2.098
1.744
3.774
5.376
1.924
3.082
3.347
3.112
1.905
2.201
3.346
1.868
2.379
1.821
2.043
3.566
3.967
2.759
2.357
2.997
3.931
5.037
2.358
3.062
4.254
3.076
4.166
3.759
2.247
2.499
2.383
3.260
1.643
4.176
3.804
3.011
3.023
2.550
2.756
2.885
3.431
2.507
4.700
3.389
2.040
3.595
2.953
3.432
3.498
2.681
4.707
6.133
6.361
3.947
2.278
2.399
1.457
3.261
2.110
1.569
1.239
2.634
3.788
1.911
2.419
1.993
1.812
1.881
2.301
2.176
4.604
3.519
3.940
2.765
3.009
2.031
2.378
1.314
1.720
4.453
2.560
2.006
2.929
3.234
2.659
2.529
3.224
4.348
3.266
3.270
4.701
5.924
5.823
4.566
2.079
2.503
2.693
4.015
4.321
3.781
2.884
1.303
1.892
2.240
1.358
2.096
2.212
1.982
3.341
2.061
2.523
4.782
4.739
2.708
2.109
1.575
3.002
3.922
3.664
1.621
1.345
1.604
2.840
1.745
2.002
6.561
3.956
2.711
1.757
1.669
3.948
2.402
1.049
1.611
1.290
1.550
1.828
1.704
2.114
1.877
2.823
1.835
1.218
2.587
3.350
2.672
0.867
2.603
3.453
2.911
2.156
3.804
4.354
3.961
3.822
3.161
3.322
2.174
2.286
4.034
3.783
2.149
1.373
2.218
2.737
2.451
1.703
3.211
3.546
2.324
2.084
2.644
2.700
1.341
2.623
3.615
3.596
3.263
2.200
1.651
1.583
0.825
1.519
0.978
2.708
1.713
1.135
3.091
4.505
2.029
2.184
2.995
3.372
5.030
4.212
3.747
2.372
1.914
1.133
1.420
2.024
1.678
2.208
1.346
1.770
1.556
2.256
3.966
1.346
1.257
2.643
1.644
2.234
2.866
0.986
4.256
2.954
1.142
1.739
1.959
2.912
3.821
3.195
2.973
2.680
1.764
2.406
3.292
1.902
1.904
1.390
2.191
2.220
1.652
3.115
4.010
3.851
3.406
3.689
3.327
3.373
1.466
1.245
1.350
1.195
1.909
2.181
2.552
2.641
2.918
1.499
4.189
4.184
2.090
3.913
2.481
2.236
2.895
4.867
4.446
2.802
2.465
2.570
5.762
3.712
3.359
2.662
4.715
2.879
3.665
3.821
2.513
2.080
1.635
1.762
2.380
2.653
3.562
4.319
2.836
2.726
3.109
4.126
3.143
3.597
3.314
4.761
8.457
9.941
8.629
4.440
1.304
2.107
3.120
7.029
3.756
3.436
6.071
6.412
3.512
3.113
3.945
2.924
3.250
2.997
3.330
2.978
3.058
2.880
2.563
1.579
1.426
3.007
3.208
3.280
3.762
1.987
2.656
2.251
2.135
2.089
3.561
1.888
1.435
2.123
2.801
2.761
1.610
0.856
2.954
5.913
4.314
3.084
2.848
3.347
2.902
5.243
3.199
2.057
4.616
1.870
4.862
2.636
2.776
2.842
3.202
2.332
2.656
2.859
1.407
2.548
3.144
1.634
3.189
2.931
6.021
2.034
2.361
4.646
2.794
3.565
4.638
3.389
2.632
2.692
3.846
2.693
2.298
4.765
4.404
5.506
4.980
2.770
3.612
1.727
1.418
2.146
1.580
1.769
1.654
2.638
2.220
2.128
1.836
1.537
2.852
2.519
2.375
1.608
2.548
4.216
4.950
4.172
1.591
1.936
2.225
3.555
1.513
1.497
1.747
2.983
2.192
1.927
1.759
2.143
3.043
5.355
3.683
2.903
3.215
2.569
2.278
2.673
3.320
1.261
1.556
1.258
1.084
0.689
2.016
3.407
2.327
0.879
1.758
2.435
2.803
4.545
5.010
4.949
6.049
6.771
4.972
1.581
2.207
4.951
2.426
2.865
1.625
3.672
3.277
2.823
2.648
3.010
3.279
5.669
2.059
2.330
2.100
2.252
2.181
4.167
2.385
4.154
4.359
6.662
2.756
4.776
2.719
3.778
4.287
4.447
3.027
4.156
2.546
2.072
1.849
2.078
2.931
4.243
2.553
2.997
2.803
1.375
3.660
3.842
4.160
3.783
2.196
4.212
1.450
0.906
1.658
1.197
1.383
1.723
1.309
1.994
1.752
1.301
2.669
2.682
1.341
1.455
3.040
1.043
2.395
1.701
2.010
1.875
0.930
2.521
2.362
1.257
3.421
3.897
3.667
3.311
1.820
3.419
1.977
2.436
2.271
2.004
0.843
1.374
3.762
3.315
1.575
1.829
3.086
2.483
1.820
2.146
2.966
2.557
2.840
2.710
1.890
2.946
1.550
2.303
3.299
2.234
2.643
1.334
2.438
2.731
1.355
1.529
2.596
1.416
1.800
3.608
2.713
3.437
2.273
3.087
3.384
1.433
1.158
1.503
1.155
1.869
2.656
2.068
2.700
2.072
2.247
1.882
1.422
1.609
2.112
1.369
3.302
3.326
1.831
1.438
0.794
1.249
1.401
1.500
2.310
2.460
1.890
2.922
6.328
1.694
3.035
1.918
2.867
2.163
1.530
2.181
1.623
2.929
1.897
2.247
3.932
3.087
4.686
4.220
3.187
1.296
2.247
0.991
1.513
1.841
2.048
1.900
4.587
3.320
3.856
1.854
1.508
1.327
3.393
2.628
2.337
4.591
2.192
2.440
2.439
5.155
3.765
3.335
4.631
4.796
1.678
0.861
1.432
1.720
1.720
1.875
1.964
2.763
4.501
2.302
4.171
2.965
1.311
2.977
3.982
1.838
1.302
1.602
3.157
4.492
2.190
8.295
5.328
2.452
2.412
0.859
0.779
2.620
2.983
5.368
2.638
1.911
1.125
2.025
2.458
1.739
2.629
4.774
3.053
1.627
0.867
1.098
3.653
5.389
6.066
5.319
3.267
3.340
5.689
3.083
2.134
3.987
6.774
6.449
4.823
5.234
1.321
4.110
3.264
1.770
2.910
5.143
3.403
2.294
1.818
4.135
5.989
6.736
2.893
3.177
2.071
2.407
4.749
4.262
5.601
2.439
1.998
2.351
4.664
7.147
2.603
2.083
3.144
1.686
2.339
2.257
2.995
5.465
2.276
2.435
2.525
2.587
3.249
3.261
3.883
4.467
2.623
4.534
5.076
4.068
3.932
2.076
3.901
4.429
3.621
1.789
1.753
3.642
4.565
2.758
3.126
3.267
2.406
4.635
2.650
2.689
2.054
1.273
1.580
1.750
2.619
3.524
5.814
2.594
4.614
6.162
4.659
2.564
3.866
3.164
1.715
2.759
3.027
4.560
7.286
4.333
4.309
4.631
2.273
1.930
3.389
3.084
4.624
4.276
3.959
3.832
2.761
1.590
3.234
2.532
5.573
4.174
3.312
3.260
4.617
5.128
2.495
0.857
0.846
0.811
2.896
1.574
2.566
3.107
2.812
4.483
5.417
4.679
3.306
0.996
1.174
1.722
4.405
3.869
1.993
4.778
1.968
1.638
2.778
1.990
3.026
1.367
2.225
1.051
2.868
3.440
3.552
2.768
4.113
3.957
1.952
3.570
3.264
1.751
1.409
1.312
1.782
3.921
4.289
2.108
2.693
3.836
5.010
4.589
2.583
2.667
4.264
4.579
4.230
1.846
2.459
1.424
2.816
1.453
0.815
1.235
4.002
3.286
2.552
4.767
3.705
2.588
1.715
2.208
2.280
3.804
3.791
1.995
1.074
1.695
1.604
3.128
2.564
1.050
1.915
1.221
2.876
3.916
3.771
3.271
2.796
1.774
2.064
1.046
1.402
1.740
2.638
4.438
2.995
1.471
2.865
1.911
2.309
1.788
2.923
1.079
2.218
3.214
1.272
3.025
1.327
2.174
2.380
3.111
1.019
2.592
2.544
1.286
2.505
2.612
2.763
4.607
6.650
2.754
2.249
2.972
2.283
3.016
2.738
2.396
1.094
3.144
3.171
1.584
3.806
1.694
1.640
1.936
3.142
3.391
2.915
4.015
3.048
1.794
3.026
2.040
2.137
2.005
2.088
1.745
2.239
1.981
0.634
1.126
1.652
3.570
1.592
3.223
2.608
2.900
2.052
2.756
4.797
5.765
4.172
2.257
3.876
2.047
2.928
3.643
1.517
4.201
2.547
1.584
1.757
1.818
2.550
1.761
1.226
1.849
2.232
1.418
2.396
1.638
2.458
1.385
2.167
1.928
2.310
3.341
3.669
2.736
3.163
1.434
1.631
1.724
1.870
3.019
3.474
4.083
4.793
4.327
3.723
3.482
1.615
1.844
1.907
1.542
0.887
1.588
2.666
3.299
2.545
1.525
2.484
2.258
2.236
1.411
2.948
2.749
3.943
4.912
2.115
2.148
2.705
3.823
4.176
1.706
1.448
1.662
2.552
2.903
5.515
5.648
6.083
6.087
4.046
2.312
5.067
4.829
4.679
4.192
2.722
3.285
4.371
4.497
2.683
2.851
2.513
2.453
5.148
7.322
4.324
3.507
1.583
2.501
5.524
3.798
2.222
2.092
3.674
3.107
1.790
1.262
2.312
3.330
3.603
4.056
5.504
4.609
1.985
1.664
1.850
1.285
2.746
2.015
3.368
1.980
2.911
2.005
1.079
0.799
2.142
3.868
3.155
4.849
3.889
3.394
1.593
0.882
2.065
1.970
6.268
2.862
3.288
1.696
5.163
2.281
1.797
2.215
2.748
4.248
2.275
1.637
3.367
1.545
2.679
1.049
2.490
1.253
1.015
2.578
2.398
1.125
1.124
1.762
3.897
4.258
2.896
4.656
4.168
1.923
3.028
4.704
6.759
4.342
1.964
3.547
3.082
3.917
5.252
5.825
6.438
2.463
1.779
2.975
3.539
1.720
1.287
1.442
1.910
3.294
4.057
4.833
4.559
5.559
4.262
1.632
1.039
2.680
2.808
1.725
1.768
2.503
1.505
2.052
3.973
3.576
1.107
1.647
3.666
2.683
2.088
3.533
4.523
4.489
4.413
4.174
3.069
3.004
2.036
3.221
1.485
1.460
1.899
2.178
2.680
1.529
1.463
3.149
1.832
2.862
1.722
3.362
2.380
2.233
1.766
2.287
2.535
1.599
3.927
3.375
2.888
1.684
3.025
4.780
4.666
3.916
5.815
4.222
1.819
2.052
1.986
4.086
4.424
3.212
2.816
2.002
3.885
3.960
1.379
3.024
4.575
3.791
2.317
2.389
2.164
1.795
1.677
2.437
2.285
2.512
3.028
4.334
3.763
2.844
3.271
1.759
2.295
3.029
2.011
3.304
4.185
1.354
3.799
1.585
4.592
3.450
1.491
2.484
3.249
4.012
2.178
2.043
1.337
1.925
1.616
2.390
2.823
3.640
2.093
1.175
3.024
2.436
2.706
2.612
4.004
4.685
4.471
3.700
1.397
2.350
4.064
4.261
2.210
2.623
2.505
2.719
2.157
2.332
2.310
1.598
1.821
2.085
1.583
2.095
2.240
1.852
2.388
1.923
4.398
3.959
1.667
3.118
4.076
1.557
1.731
3.097
2.289
2.684
4.569
3.688
2.516
1.617
2.075
2.409
2.397
3.418
3.276
1.752
2.799
2.240
1.572
1.465
3.801
2.075
3.103
3.174
3.992
2.744
2.453
1.243
3.532
3.973
5.044
3.479
2.679
3.276
3.168
1.980
2.596
1.922
1.897
1.930
2.627
4.075
4.574
2.528
1.812
1.446
2.101
1.946
2.196
3.530
1.967
2.888
1.967
1.514
2.499
1.850
1.292
1.554
1.697
1.693
1.567
1.639
3.089
4.364
4.893
4.265
3.608
1.430
2.693
2.195
1.311
2.706
2.318
2.087
4.442
4.253
2.078
3.601
2.420
1.473
1.126
1.599
2.022
1.139
1.340
1.197
3.118
3.436
0.774
2.486
2.376
2.470
1.835
3.166
3.759
1.590
2.054
2.589
3.975
2.797
1.759
1.264
1.127
1.935
1.659
2.857
3.212
2.645
3.809
3.251
2.872
1.912
3.287
1.260
2.826
2.855
2.949
2.641
2.630
2.214
1.299
2.445
3.861
2.957
2.205
1.602
2.944
2.357
1.689
1.801
2.977
2.178
3.129
3.665
2.490
4.001
2.762
3.654
2.865
4.160
4.959
4.487
2.011
3.267
2.174
1.603
2.737
3.400
1.997
1.897
5.561
3.880
4.981
2.450
4.000
2.877
2.119
2.848
2.518
2.288
1.968
2.098
3.273
3.143
4.549
4.611
4.138
1.676
2.679
2.212
2.801
3.011
1.449
2.122
1.406
2.030
4.144
2.045
1.712
4.282
2.955
5.098
4.778
2.927
2.890
2.473
2.502
2.775
2.397
0.779
1.485
1.585
2.444
2.129
3.742
3.345
4.236
4.231
3.061
1.413
2.902
5.110
3.747
1.992
2.851
3.625
4.965
5.066
4.320
2.440
1.465
0.901
0.934
0.966
1.876
2.873
4.848
3.673
2.082
2.868
3.209
2.746
1.369
1.424
1.419
3.140
3.452
2.720
4.651
5.679
4.151
1.489
0.884
1.073
2.616
1.942
2.825
2.544
1.605
2.400
1.688
6.043
5.280
4.535
4.504
4.175
2.934
3.382
2.486
2.472
6.042
4.450
2.993
0.418
1.622
1.661
1.552
2.596
1.968
2.789
1.671
2.049
4.656
2.086
2.282
3.591
3.161
2.846
3.309
2.501
2.085
1.120
2.714
1.865
4.310
3.808
0.877
2.645
3.804
4.695
6.138
3.101
3.060
2.001
3.420
2.241
1.066
2.584
1.938
1.375
2.024
1.195
1.708
2.781
2.695
1.338
2.658
3.063
3.221
2.111
2.003
2.440
2.404
3.529
3.449
2.380
1.477
3.449
3.645
2.346
1.754
2.824
2.551
2.719
2.385
2.391
2.525
3.278
1.847
3.210
1.533
5.585
1.547
3.236
1.699
2.568
2.909
2.887
2.661
4.438
3.445
3.578
5.153
6.042
3.723
2.526
2.757
2.659
1.498
2.162
2.754
2.535
2.202
2.200
2.208
0.954
2.229
2.048
2.755
2.836
1.982
2.448
1.679
1.106
2.489
4.493
3.307
1.853
2.764
2.058
3.165
2.845
2.187
1.955
2.119
2.565
3.448
1.923
1.932
2.183
1.290
2.406
1.869
1.209
1.946
2.006
2.679
2.087
1.303
1.669
1.488
1.450
1.087
1.718
0.920
1.302
1.617
1.743
1.360
1.821
1.762
1.398
1.776
2.375
3.071
4.512
2.928
3.406
4.507
3.735
1.918
1.843
1.384
2.135
1.465
1.314
2.585
5.266
5.666
4.624
4.603
1.529
1.887
2.614
0.785
2.375
1.874
1.084
2.711
2.141
2.924
3.892
2.855
1.235
1.160
1.527
2.593
2.435
1.380
2.392
3.147
1.581
1.918
1.835
2.629
3.418
5.344
4.759
2.743
2.114
2.480
2.811
1.502
2.752
1.629
3.579
4.769
4.033
2.743
2.231
1.154
2.045
1.882
2.628
2.973
6.327
3.539
2.337
1.825
3.172
1.815
1.344
2.009
3.022
1.794
1.474
2.480
2.255
1.879
2.582
3.677
5.854
4.410
2.376
3.317
5.969
3.811
3.190
4.515
2.012
2.143
3.351
3.498
2.753
4.154
6.031
5.079
3.480
3.447
2.600
1.327
1.580
2.715
3.427
2.947
4.318
3.548
2.355
3.194
5.877
5.519
3.584
2.683
2.104
3.594
4.030
2.933
4.931
5.711
3.012
2.590
3.174
2.306
2.488
2.517
3.351
3.339
2.976
3.461
4.578
4.111
8.014
3.829
2.888
1.557
1.468
1.113
2.566
3.692
2.892
1.431
4.470
3.940
2.164
2.632
1.726
2.266
1.676
1.822
1.558
1.370
1.529
1.830
2.999
2.428
3.833
3.537
3.712
2.331
2.685
1.792
1.744
3.017
1.914
3.066
2.704
4.188
1.964
2.480
3.294
2.846
2.346
5.005
5.459
1.938
2.062
1.896
3.645
3.966
3.200
1.623
4.628
3.547
4.605
1.900
1.307
3.633
1.402
4.738
2.214
2.372
1.635
2.838
4.081
1.872
2.631
2.791
3.532
4.076
3.664
4.436
2.340
4.238
4.465
1.971
2.228
2.620
1.405
2.306
3.656
3.749
2.538
3.061
2.649
4.119
2.515
3.904
2.985
2.924
4.995
4.492
3.601
2.663
4.742
2.702
2.700
1.479
0.927
1.019
0.727
1.946
2.851
3.756
6.107
4.099
2.446
2.737
2.456
2.834
2.973
3.739
2.797
2.279
2.712
2.408
3.449
2.930
1.324
2.263
1.549
0.978
0.891
1.430
1.857
1.390
1.340
3.523
4.144
3.151
1.409
1.624
1.656
2.744
0.817
2.014
0.711
1.210
1.954
2.009
1.292
3.743
2.710
1.874
1.478
1.753
1.857
4.430
2.321
2.969
2.239
3.539
2.702
3.342
3.535
1.698
3.401
1.814
4.849
6.523
3.845
2.342
2.234
3.896
2.178
2.913
1.428
2.127
1.413
2.176
2.481
3.547
4.872
4.233
3.143
2.528
2.226
2.699
3.009
1.376
1.396
1.319
2.325
3.241
1.826
1.678
1.593
1.571
1.739
1.090
2.421
4.688
1.279
2.881
1.638
1.780
2.635
3.882
3.076
1.661
3.161
3.520
3.057
2.120
1.331
1.533
1.467
3.270
3.334
3.006
3.771
3.733
2.527
1.813
1.501
2.630
3.754
2.677
1.951
1.323
1.499
4.324
4.736
2.422
1.644
3.414
3.762
3.392
1.922
5.542
3.221
2.128
2.291
1.449
1.527
1.868
3.818
2.313
1.762
2.284
3.528
3.359
1.774
1.727
1.406
2.028
2.121
3.256
2.892
1.292
1.169
1.293
2.890
2.707
2.099
1.492
1.512
2.154
4.404
4.347
4.326
2.018
1.553
1.801
1.908
2.076
2.993
2.633
3.259
2.902
0.949
2.427
5.048
5.926
7.256
4.881
3.307
2.879
1.886
3.522
1.975
0.994
1.816
2.124
3.185
2.656
4.781
2.934
1.089
1.026
1.247
1.787
2.466
2.071
2.062
2.714
2.618
3.844
1.905
2.107
1.290
1.656
1.720
1.812
1.893
1.321
1.611
1.132
1.681
1.730
2.587
2.549
1.736
1.906
1.954
1.271
4.208
4.258
4.902
4.350
4.903
4.020
2.171
2.386
4.291
1.656
1.036
2.637
2.500
4.184
2.982
2.147
1.777
3.361
1.783
3.597
4.101
3.349
4.718
4.987
4.489
4.205
2.270
3.443
4.542
3.077
3.175
1.973
4.459
5.408
5.935
6.266
5.381
1.279
2.149
4.441
3.457
2.009
1.670
2.159
1.787
3.425
4.792
4.114
1.876
1.889
3.038
3.193
3.688
1.910
3.028
5.136
4.328
4.191
2.170
1.917
2.321
2.363
1.397
2.330
3.796
3.979
1.535
1.759
1.616
1.951
1.100
2.565
2.288
2.498
3.041
2.295
3.871
6.431
6.973
6.151
3.662
2.962
2.462
3.016
3.009
6.003
5.934
2.758
4.842
5.936
5.859
2.414
2.400
1.976
1.659
2.018
4.368
3.284
1.443
2.392
1.756
4.537
2.664
1.758
2.801
3.007
5.880
3.882
5.270
6.086
2.714
3.139
4.239
1.867
1.733
1.548
1.521
1.434
1.100
0.918
3.203
3.146
1.781
2.159
1.494
2.617
1.480
1.249
1.671
3.212
1.659
2.406
1.944
1.737
2.273
5.068
4.146
1.479
4.353
5.627
3.239
1.761
2.231
3.200
6.328
2.897
3.953
3.138
2.270
2.963
2.428
2.430
3.725
2.267
2.951
5.045
1.787
3.500
3.516
3.498
2.380
2.058
2.869
2.099
5.207
2.100
2.580
3.418
3.710
3.249
1.242
2.546
2.872
4.001
4.291
4.601
4.830
3.250
1.851
2.997
4.583
2.082
4.069
4.753
3.222
3.779
3.820
3.286
2.446
0.750
2.721
1.814
3.089
3.250
2.523
4.310
0.936
0.790
1.233
1.265
2.652
1.673
0.984
1.331
2.071
2.487
3.708
2.983
2.781
1.770
3.486
3.054
4.867
2.394
2.426
3.390
1.777
1.525
1.542
3.723
3.542
5.221
5.717
5.415
4.661
3.941
1.814
1.378
3.710
1.047
2.526
1.927
1.073
2.682
2.521
1.014
1.814
2.456
2.114
3.640
2.385
1.633
3.013
2.155
2.188
1.993
1.184
1.064
2.633
1.543
2.552
2.355
1.329
2.343
1.678
1.627
2.397
2.349
2.550
2.888
2.738
2.152
3.611
2.696
2.260
1.528
1.327
3.476
3.242
3.784
4.210
3.646
1.530
1.707
1.852
2.374
2.525
3.709
4.091
4.646
3.240
1.955
1.721
1.635
2.289
1.809
1.326
1.343
1.591
1.418
1.315
2.553
2.446
1.036
2.729
2.228
3.313
1.491
3.647
5.946
1.849
2.444
4.427
4.183
1.932
2.423
2.758
1.686
1.968
3.214
3.028
2.127
1.542
0.891
1.175
1.650
1.893
1.080
2.145
1.666
2.186
4.173
5.344
6.080
6.518
2.116
1.748
1.980
1.546
2.599
3.162
2.276
2.639
4.704
4.540
2.018
1.830
3.020
4.376
3.041
1.772
1.264
1.579
2.951
3.486
2.461
1.846
1.080
2.331
3.123
1.961
3.003
3.899
1.943
1.828
1.637
2.060
1.495
1.084
1.650
1.870
1.418
1.249
1.791
3.089
3.268
2.437
0.871
1.581
2.350
2.624
2.861
1.416
1.707
1.437
3.402
3.890
4.525
6.449
5.779
4.792
4.492
5.266
4.670
6.723
3.452
2.309
1.837
2.713
3.002
2.482
2.062
3.555
1.707
0.716
2.248
3.018
2.059
2.367
2.266
4.498
5.450
4.017
3.760
3.203
2.429
3.033
5.848
4.823
6.674
4.336
1.589
3.248
3.214
3.791
1.751
2.940
1.608
3.437
4.395
2.857
3.634
4.775
6.713
4.586
4.482
3.238
5.175
3.983
4.279
6.079
3.663
3.730
2.257
3.209
2.446
1.612
3.224
3.916
3.774
4.105
3.161
2.152
1.692
2.089
1.449
2.716
1.863
2.373
1.653
1.827
1.206
2.967
2.800
3.187
2.310
1.060
1.174
4.429
5.086
3.687
2.712
3.457
5.337
2.483
3.606
2.684
3.632
3.985
2.964
1.153
0.884
4.621
6.115
4.131
2.830
5.546
6.659
5.377
4.827
2.731
5.354
5.776
4.535
5.291
4.862
3.914
2.474
4.172
4.730
3.272
3.131
3.524
4.222
3.814
4.075
1.651
2.609
3.851
2.239
3.121
2.264
2.275
6.056
3.407
3.584
5.616
2.268
4.322
2.391
4.468
3.425
4.075
1.616
3.191
2.915
2.691
4.402
3.584
4.395
3.787
4.442
4.138
5.707
3.683
3.634
3.670
6.216
3.093
3.136
1.779
3.294
3.752
2.552
1.517
1.191
2.982
3.402
1.806
2.567
4.562
4.133
2.713
1.379
1.766
4.169
5.488
2.570
1.614
2.336
2.447
1.981
3.047
3.140
2.993
4.251
6.327
5.109
3.562
3.221
3.793
2.267
3.851
1.730
2.970
3.050
2.919
1.269
2.646
2.721
2.818
3.133
2.114
2.513
3.441
4.669
1.398
4.474
1.284
1.701
1.158
3.405
2.942
1.726
2.875
2.090
3.252
4.072
4.160
5.022
3.449
1.085
2.959
4.412
4.079
3.289
1.964
6.465
2.124
3.878
4.925
1.573
3.711
3.645
2.838
1.704
3.322
2.500
1.780
1.732
2.635
4.609
4.205
4.877
5.935
4.306
1.998
1.621
3.184
2.836
2.969
2.424
1.728
1.075
2.299
2.173
1.970
1.901
2.197
2.636
1.359
2.219
1.501
1.857
2.379
3.350
2.604
1.134
5.065
3.926
1.473
1.667
3.160
4.291
6.172
1.707
3.895
1.211
2.737
2.128
2.011
2.237
1.939
3.188
3.572
2.319
4.555
1.959
1.541
1.860
1.349
1.780
2.482
3.220
1.531
1.712
1.579
1.659
1.411
1.396
1.326
1.689
2.042
1.430
2.471
2.540
2.135
2.500
2.836
1.691
1.691
3.797
1.164
2.667
2.959
1.985
2.938
2.035
3.802
2.686
1.797
1.914
1.252
1.951
3.000
1.798
1.973
2.416
4.005
3.504
2.032
2.349
3.306
1.553
1.049
0.966
1.025
0.955
1.324
2.012
1.596
1.449
2.167
1.373
2.716
3.009
1.707
1.303
2.824
2.983
2.600
1.893
1.919
2.145
2.615
6.162
6.938
5.006
4.232
4.158
3.614
4.200
2.515
2.998
6.270
3.735
3.265
3.217
1.008
2.029
1.738
1.803
2.409
1.399
1.799
2.061
3.887
3.876
3.060
2.672
2.610
3.375
2.340
1.505
3.560
2.980
1.512
2.387
4.432
2.168
2.986
3.153
1.410
1.861
3.870
1.917
2.037
2.162
2.341
3.006
2.195
2.575
2.669
7.818
7.305
2.657
2.667
2.716
3.350
1.530
2.690
2.203
3.885
4.075
2.397
3.672
3.527
1.750
1.736
2.543
2.497
2.669
1.303
3.673
2.938
5.941
7.194
4.271
7.235
4.917
2.425
2.209
1.411
3.705
3.631
1.931
1.377
5.640
2.191
3.054
2.688
1.286
1.858
2.234
2.151
2.016
1.443
2.574
3.337
3.174
1.991
2.889
3.295
3.008
0.892
1.619
3.379
2.388
1.276
1.087
1.083
2.633
2.150
3.663
3.152
3.515
3.936
2.415
2.953
3.405
3.839
5.023
4.470
4.859
2.166
3.068
3.569
3.582
2.959
0.971
1.283
1.699
4.081
5.460
3.051
4.850
4.766
3.278
5.440
2.443
1.126
3.396
3.910
3.850
6.773
1.611
2.095
2.177
3.346
5.174
3.186
2.235
3.295
3.020
2.875
2.293
2.810
3.540
3.964
3.727
3.284
1.664
2.135
3.200
4.459
3.289
1.616
1.712
3.973
5.493
5.765
1.531
2.062
3.882
5.892
2.613
3.754
1.469
4.977
4.684
5.402
1.629
2.033
2.265
2.321
3.536
3.062
1.159
1.409
3.005
1.450
1.670
2.028
3.352
3.127
2.074
2.374
1.175
3.148
1.506
2.126
2.363
1.831
0.941
2.707
2.860
2.289
2.771
0.961
2.588
3.447
3.030
2.481
1.493
2.501
3.165
4.313
1.916
2.124
0.953
5.102
6.185
5.256
4.365
4.280
4.250
3.952
3.288
2.632
1.533
2.322
2.568
1.650
1.560
1.517
2.561
4.795
4.249
4.847
4.428
3.570
1.082
2.158
1.353
3.487
5.613
6.937
6.075
4.097
2.298
1.729
3.092
1.611
4.303
3.127
2.925
5.204
5.116
4.089
3.105
2.712
2.639
2.904
2.127
2.375
2.316
2.016
0.951
1.611
2.071
2.279
2.912
3.402
2.964
2.184
1.410
1.808
1.692
1.730
0.821
3.327
1.095
2.325
2.211
4.196
1.605
1.891
2.394
3.080
3.178
5.041
4.381
3.219
2.771
2.474
2.010
3.438
1.227
1.582
1.856
3.277
1.205
2.604
4.015
3.082
1.506
0.752
1.709
1.601
2.575
1.300
3.045
5.718
1.909
1.730
1.139
0.840
1.287
1.462
1.506
3.668
2.104
1.893
2.360
2.835
3.756
2.392
3.796
5.371
3.239
0.943
1.128
2.929
0.761
1.964
4.862
4.384
2.314
3.104
2.304
1.286
3.380
1.783
2.270
1.498
2.383
2.714
3.199
1.253
1.106
1.722
3.400
4.514
4.048
3.911
2.599
2.900
2.706
1.029
0.990
2.276
4.904
6.614
2.311
2.076
1.888
2.746
2.992
2.902
3.472
1.810
1.400
2.137
1.621
1.949
3.702
3.081
2.769
3.112
2.824
3.366
3.941
2.878
6.578
5.109
2.227
1.848
4.063
6.757
6.991
4.641
2.210
1.509
1.498
1.415
1.513
4.055
2.596
4.662
4.135
3.253
4.486
3.571
5.801
5.650
3.148
2.207
2.078
1.956
4.010
4.233
2.225
3.393
2.846
2.291
4.632
4.199
2.924
2.798
3.213
3.990
1.751
1.752
2.851
5.223
6.848
4.451
4.289
5.499
5.728
4.073
4.180
4.263
4.141
4.589
2.739
4.522
3.485
6.745
4.514
4.735
5.969
5.166
2.860
5.716
5.104
2.188
1.602
1.562
1.150
1.649
1.486
3.054
2.102
1.921
2.446
4.117
3.950
3.596
3.989
1.952
2.285
1.694
1.671
1.105
2.320
1.423
1.488
1.004
2.471
2.757
3.240
2.949
2.605
2.815
1.427
0.929
1.386
2.083
2.631
2.390
1.572
1.294
2.546
2.142
1.089
1.289
1.281
1.593
1.701
0.668
0.490
0.860
1.707
1.620
1.389
3.191
2.827
2.701
1.797
1.833
1.248
2.022
1.920
2.849
2.594
4.416
1.666
2.137
1.425
2.005
1.739
2.399
1.366
1.953
3.026
1.857
1.502
0.978
1.108
1.299
4.717
4.613
2.700
3.385
3.410
1.530
3.557
3.281
2.809
2.153
1.011
1.594
0.968
1.042
0.721
2.085
1.464
1.476
1.063
1.342
1.621
1.576
1.024
2.571
2.779
2.239
1.822
3.039
3.199
2.881
1.842
2.964
3.651
2.511
1.550
0.911
0.701
1.015
1.515
2.391
2.536
3.136
2.945
1.216
1.604
2.315
1.276
1.705
2.445
2.367
1.723
2.340
3.013
3.347
1.439
2.040
1.173
2.726
1.241
1.889
1.550
1.477
2.247
2.225
4.134
3.264
1.807
1.981
2.166
0.819
0.902
1.473
1.508
1.960
1.587
2.681
2.574
2.892
1.214
2.914
2.089
2.042
2.323
1.656
3.067
3.289
3.177
2.449
1.646
2.608
1.260
1.574
1.298
1.602
2.374
0.497
2.209
2.392
2.407
2.780
0.835
1.331
2.569
1.657
2.989
2.868
3.114
1.790
2.747
2.718
3.035
3.424
2.553
2.344
0.829
2.202
0.844
3.178
3.284
2.868
2.246
1.034
2.581
4.106
1.802
2.233
2.334
3.557
1.108
3.321
2.757
2.208
1.398
2.551
3.497
1.879
0.591
1.121
1.977
2.647
2.352
2.224
1.016
0.855
1.491
1.937
0.717
2.611
1.847
1.864
2.687
2.186
0.716
0.946
0.760
1.731
1.799
0.909
1.533
1.836
1.196
0.685
1.187
2.210
3.290
2.379
2.776
4.346
2.966
1.424
0.805
0.867
1.948
1.758
0.833
2.441
3.399
2.419
1.528
1.773
1.513
1.546
2.351
2.666
0.715
1.174
1.093
0.769
1.422
1.728
3.364
3.893
3.041
0.968
1.643
0.569
1.734
1.170
0.530
1.257
1.023
0.901
1.528
1.034
1.092
0.840
1.428
0.780
2.388
3.276
1.912
2.847
2.196
1.476
1.769
3.022
2.513
0.801
0.622
0.936
1.415
3.416
3.459
1.621
1.039
2.131
4.128
4.513
1.725
3.219
1.254
0.770
1.151
2.154
2.103
2.438
3.927
4.632
4.409
3.625
3.885
3.852
2.038
0.875
1.999
1.357
1.696
1.412
1.255
1.999
0.888
1.064
1.339
0.808
1.565
1.828
1.399
1.236
1.449
1.981
1.450
2.071
2.173
1.340
2.156
3.410
2.283
2.498
3.175
1.357
2.338
1.934
3.276
1.750
2.164
3.299
3.027
3.542
1.754
4.594
2.546
0.991
2.061
1.659
2.516
3.159
2.312
3.380
2.788
2.079
0.655
1.543
2.379
2.228
1.470
1.619
3.171
2.729
2.623
2.696
4.792
2.662
2.460
3.352
3.257
2.065
1.249
3.356
3.210
2.689
1.715
2.504
1.647
1.443
1.986
1.938
2.067
2.023
2.174
1.891
1.430
0.960
1.408
1.755
1.238
2.249
1.778
1.538
3.320
4.196
2.390
3.391
3.691
1.359
3.633
3.268
3.056
2.747
2.667
2.513
3.335
4.359
2.878
1.298
2.340
2.712
1.255
0.943
2.053
1.992
2.609
3.346
3.349
3.152
2.484
0.971
1.108
1.137
1.369
2.531
1.891
0.941
2.454
2.228
2.355
4.162
4.088
3.067
1.959
1.289
1.903
3.024
3.810
0.964
1.720
2.020
2.576
1.415
1.079
1.491
1.799
2.034
1.284
2.190
3.411
2.481
3.053
2.009
3.193
3.160
2.296
1.151
1.816
3.781
1.758
3.761
3.088
1.906
1.315
2.190
2.198
3.570
1.822
1.671
2.367
1.151
2.379
2.271
2.530
2.365
2.990
4.121
2.684
3.704
5.064
3.548
3.317
3.150
1.079
1.458
2.991
2.168
1.492
2.321
1.079
0.984
1.113
2.730
4.208
3.040
1.777
4.136
2.408
2.648
2.852
4.057
3.967
2.609
3.525
3.026
2.565
1.727
1.540
2.799
2.670
1.618
0.853
2.467
1.349
3.254
2.271
2.433
2.229
3.377
2.810
1.421
0.960
0.970
1.570
1.704
1.378
2.199
2.501
1.027
1.858
2.139
2.619
1.605
1.948
1.293
1.438
2.044
2.495
1.178
1.430
2.404
2.772
3.084
4.292
1.561
1.800
3.062
3.248
1.246
2.748
0.762
1.046
1.180
1.777
2.335
2.221
2.762
2.222
2.164
1.407
2.223
0.801
2.974
3.476
2.015
1.836
2.438
2.446
0.889
2.865
1.100
1.591
1.251
2.013
1.211
0.711
2.257
3.706
3.500
1.730
1.374
2.130
2.341
2.385
1.179
0.938
0.806
1.332
1.966
0.919
0.906
0.864
1.109
1.168
1.418
2.332
3.456
2.386
2.961
1.728
1.550
1.031
2.357
3.216
2.156
1.313
1.322
1.038
1.625
2.316
1.508
0.689
2.368
1.646
2.194
2.762
4.319
3.193
2.661
0.832
0.933
1.437
2.566
2.140
2.485
1.523
2.819
3.542
3.864
5.140
2.540
1.941
2.624
1.613
0.904
1.343
1.054
2.300
2.180
1.336
2.356
1.156
1.822
1.495
1.784
1.541
2.451
3.678
3.248
1.970
3.630
3.939
3.413
1.694
1.245
0.498
0.873
0.711
1.183
2.932
3.469
4.280
3.146
1.493
3.855
2.297
2.835
4.157
3.853
2.603
1.938
1.634
1.387
1.996
4.668
2.963
0.865
1.127
1.558
0.868
1.474
2.411
1.745
1.658
0.832
1.587
1.242
1.441
2.127
1.653
3.880
4.533
2.180
2.761
2.695
1.150
2.170
1.872
2.063
1.031
1.819
2.521
3.799
1.842
1.244
2.266
1.859
3.239
4.677
2.527
1.337
1.342
1.607
1.643
2.030
2.022
2.010
1.597
2.484
4.173
1.803
2.746
2.089
2.304
1.681
2.304
3.113
1.761
1.598
3.318
3.842
3.896
3.134
2.570
1.525
1.853
2.225
1.178
1.385
1.871
2.222
3.224
3.835
2.014
3.672
4.443
1.948
2.237
2.174
2.469
3.279
1.305
1.184
2.246
1.328
1.485
1.803
2.087
4.128
3.488
1.552
2.429
1.866
2.354
1.822
2.255
1.609
3.671
1.346
3.236
0.791
1.610
1.988
0.621
1.069
2.073
2.811
1.796
1.357
1.569
1.401
2.631
1.186
1.500
2.414
1.203
1.112
1.324
2.772
4.812
4.759
3.190
2.351
1.121
0.859
1.124
1.760
1.294
4.818
3.881
2.205
4.758
3.480
1.837
2.840
2.579
1.542
2.842
3.167
2.425
2.271
1.060
3.587
1.052
2.123
3.324
1.814
2.123
1.855
2.357
2.029
1.653
2.559
2.259
2.062
1.032
3.740
2.141
0.704
0.489
0.721
0.819
1.194
0.899
1.735
2.325
2.513
2.010
0.933
2.107
1.494
3.294
4.361
3.268
4.059
4.321
3.791
1.176
2.136
1.206
1.294
1.392
0.799
0.918
2.219
2.485
2.825
2.817
2.205
2.375
4.449
4.432
3.722
4.315
3.932
2.639
2.406
2.048
3.206
3.521
2.795
1.949
1.335
2.779
1.735
2.827
2.531
3.214
3.873
3.253
2.559
0.988
0.989
0.697
1.786
3.618
2.464
2.745
2.650
1.014
1.602
1.000
1.624
2.427
2.073
3.580
3.814
1.789
0.746
1.424
3.768
3.459
3.042
1.886
2.153
1.533
2.730
1.323
1.896
2.607
2.008
2.441
2.051
0.915
0.909
1.062
1.460
2.585
2.012
1.958
2.163
2.610
1.024
1.102
1.343
1.124
0.852
0.844
1.229
0.730
1.101
1.233
1.114
2.260
3.586
3.922
2.652
2.028
1.404
2.383
1.264
1.159
2.310
2.282
4.284
4.353
2.010
2.996
1.383
1.706
1.540
2.678
0.824
1.015
1.029
1.740
1.995
3.642
1.294
0.748
1.294
0.907
2.089
1.291
0.914
2.632
1.387
0.811
1.724
2.373
2.787
2.629
0.612
0.921
1.875
2.240
3.584
2.180
2.354
1.996
1.443
2.309
1.324
2.067
1.686
2.776
2.033
2.725
1.779
2.999
2.269
2.345
1.152
0.757
1.301
1.288
1.482
2.372
1.672
2.121
1.599
2.319
2.085
1.859
0.775
1.194
1.257
0.823
2.916
2.746
3.633
2.743
2.145
2.337
2.326
1.855
1.667
2.908
3.364
2.552
3.618
4.057
1.966
2.894
1.907
3.621
3.715
1.816
2.108
1.659
1.868
3.652
2.390
3.413
1.860
1.191
0.848
2.944
2.613
2.860
4.665
0.981
2.194
1.889
1.904
1.331
2.611
3.561
3.092
1.062
2.961
2.065
3.636
3.768
3.927
3.810
2.205
1.958
1.654
2.129
2.232
1.784
1.419
1.471
1.976
2.798
2.800
1.318
2.296
1.588
0.864
1.417
1.539
1.905
1.370
1.335
2.543
2.120
3.885
2.774
2.414
3.135
2.748
5.458
5.927
3.148
2.713
4.666
2.389
1.448
1.613
