19910101
3.122
2.562
2.451
2.260
2.791
2.614
3.084
1.945
4.283
4.527
2.618
1.539
3.085
3.223
3.359
4.135
2.537
2.016
1.561
1.024
1.739
1.816
1.463
1.312
1.303
1.282
1.235
1.423
2.157
1.932
1.727
2.049
1.578
1.214
2.902
3.420
1.898
3.230
3.742
4.519
4.646
2.341
2.691
2.988
2.384
2.891
3.719
2.596
1.627
1.589
2.156
1.797
2.290
1.815
0.969
1.233
1.168
1.727
3.394
4.237
2.232
1.545
3.549
3.566
5.039
6.778
7.936
4.911
1.785
1.400
1.263
0.954
1.838
1.466
1.820
2.305
3.121
1.991
2.252
4.223
5.066
3.271
4.457
3.006
2.522
2.679
3.868
3.735
1.968
2.333
2.658
1.205
1.531
3.213
2.956
3.014
2.257
2.923
2.200
1.754
2.175
2.989
2.542
1.247
1.218
1.498
4.810
5.429
3.063
1.697
2.763
0.650
3.378
2.529
3.314
4.271
1.368
1.877
1.924
2.043
2.634
1.901
3.582
3.707
2.155
1.313
2.796
1.699
2.857
3.162
1.735
4.081
2.515
2.188
3.449
4.164
5.490
6.027
4.527
2.865
2.243
2.445
3.664
4.455
3.355
3.539
3.485
1.419
1.280
1.193
0.818
1.465
1.896
2.378
2.422
1.772
3.316
2.689
3.077
1.257
1.627
1.834
2.156
2.149
1.627
2.404
4.855
2.636
2.756
1.778
3.136
1.869
1.862
1.216
1.357
1.196
1.745
2.344
3.657
3.532
2.319
1.476
1.825
2.181
1.915
1.457
2.326
1.826
1.569
1.786
1.834
1.767
1.223
1.128
3.070
3.884
1.359
1.871
2.835
1.687
1.427
1.656
1.781
2.164
1.799
2.339
2.972
3.380
3.069
1.270
2.629
2.909
3.590
4.140
3.587
2.471
1.969
1.149
1.942
2.275
1.884
1.425
0.844
1.521
1.567
1.255
2.198
1.971
1.384
2.593
2.850
1.551
1.408
2.030
1.981
1.501
1.555
1.500
2.620
2.962
2.448
1.378
2.079
2.360
1.280
1.923
1.675
2.323
2.734
3.162
2.303
1.586
1.414
1.978
1.086
2.357
1.747
1.618
2.136
2.471
3.598
0.956
1.625
1.436
3.014
2.994
1.518
3.893
6.720
1.796
4.721
7.857
5.144
1.544
3.802
1.879
1.428
2.926
2.815
3.700
2.622
1.701
1.620
4.748
4.230
4.437
4.309
2.704
1.532
3.736
2.797
3.325
4.804
3.138
2.164
3.018
2.441
2.216
2.522
3.580
1.313
0.853
2.065
1.679
2.863
1.905
3.551
3.827
2.380
3.264
2.321
1.870
2.738
3.037
3.370
3.138
6.913
3.134
4.456
2.658
5.203
2.109
3.247
2.516
2.817
2.150
0.988
1.891
1.645
1.770
1.540
1.470
1.584
3.469
2.688
3.248
1.103
1.058
3.721
4.975
5.163
3.244
2.461
1.929
3.322
1.509
1.234
1.256
1.876
1.033
1.669
4.225
3.020
4.273
3.950
6.023
3.761
5.106
6.273
3.683
6.183
5.394
1.549
1.454
1.788
1.931
1.944
1.620
1.712
2.209
1.847
2.648
3.067
5.171
3.981
3.332
1.893
1.310
2.407
2.571
2.346
3.237
2.225
2.386
2.712
2.676
3.603
4.681
3.358
1.432
2.160
2.072
1.766
1.529
2.408
2.257
2.010
2.376
3.239
4.315
5.646
4.397
0.933
1.294
2.709
2.528
2.396
1.728
3.324
3.294
2.472
2.951
4.304
3.398
1.904
2.352
3.212
2.139
2.853
2.106
3.327
2.683
2.928
1.312
1.836
3.272
2.638
2.298
1.461
3.309
2.622
2.578
2.181
1.167
1.852
2.378
2.267
3.786
4.299
4.586
4.977
2.910
1.750
2.908
3.230
3.043
3.558
2.942
3.138
2.247
2.389
2.049
2.951
3.284
4.007
7.525
2.973
1.250
4.538
4.531
3.458
2.452
1.774
2.127
2.430
3.006
2.715
1.382
2.615
2.359
5.003
4.133
4.524
4.777
4.564
4.157
1.929
2.384
2.281
1.735
2.693
1.566
1.729
3.491
4.038
3.716
3.888
4.098
2.223
1.764
1.870
1.992
1.053
1.412
1.655
1.886
3.116
1.597
1.239
2.668
2.253
2.125
1.728
1.817
1.715
3.498
3.539
2.649
3.121
3.109
1.721
1.503
1.727
1.626
1.897
1.809
3.175
3.013
5.282
1.791
2.328
4.241
1.776
2.931
1.864
2.220
1.198
1.855
2.281
2.403
2.283
1.736
1.852
2.089
1.898
1.146
3.650
1.858
4.315
4.941
1.989
2.699
3.066
2.882
1.982
2.478
3.196
2.518
1.143
1.633
2.503
1.580
1.457
1.991
1.698
2.468
1.374
2.126
2.172
3.034
1.914
2.728
1.931
2.205
2.543
1.480
2.101
2.161
1.871
1.438
2.314
1.135
0.959
2.045
2.545
2.461
1.758
1.951
1.135
1.785
1.922
1.910
1.555
1.326
1.701
3.594
4.388
3.808
0.753
1.518
0.981
2.220
2.523
1.314
1.231
1.036
1.424
3.102
1.059
1.698
2.218
1.157
1.308
2.268
2.057
4.458
5.950
4.500
5.705
3.853
2.523
1.853
3.299
4.553
2.652
1.785
0.813
1.401
4.008
1.940
1.344
2.298
2.321
1.488
1.624
1.415
1.447
0.947
1.032
2.992
5.168
3.978
1.518
3.494
4.148
4.611
3.895
2.347
2.620
0.888
1.431
3.394
3.801
4.706
3.984
1.854
1.762
2.771
2.399
1.451
2.448
1.762
1.450
1.476
1.268
2.770
4.003
3.914
3.094
2.502
2.238
1.833
2.734
4.106
3.589
2.694
5.107
2.272
1.750
1.939
3.397
2.928
2.441
2.359
2.640
1.342
2.002
2.346
3.128
3.070
3.840
3.391
2.419
2.302
4.435
2.764
2.922
3.427
2.851
3.037
2.190
4.191
2.432
2.260
2.550
3.685
2.478
2.791
2.423
2.633
3.294
5.969
3.853
5.563
5.275
5.376
3.673
2.477
3.072
2.437
1.134
3.749
3.848
2.031
3.880
3.711
1.507
3.848
2.438
1.285
1.081
1.337
2.545
1.561
2.010
2.892
2.569
2.074
1.775
2.238
1.383
2.864
3.044
2.415
3.622
2.578
1.609
2.576
2.537
1.617
2.418
4.961
4.350
3.479
2.617
3.812
1.842
2.263
1.588
2.035
1.929
2.169
2.815
3.059
3.498
4.823
3.926
4.822
2.625
2.197
2.389
2.111
2.855
1.273
2.537
3.542
1.679
1.947
2.224
2.967
2.652
2.579
1.771
2.708
1.778
1.773
2.945
3.477
4.015
3.368
4.386
5.992
5.381
6.261
4.560
4.684
3.166
1.462
3.133
4.108
4.336
4.350
2.634
4.675
4.627
5.303
5.879
2.844
1.642
1.250
2.226
1.835
2.674
1.734
1.201
1.987
3.096
1.834
2.066
2.733
3.114
1.630
2.167
2.961
5.346
5.015
4.814
4.824
3.138
2.701
1.961
2.997
2.188
2.907
2.203
1.969
2.846
3.339
3.088
1.118
1.429
2.981
1.476
1.638
1.101
2.956
2.896
2.985
2.362
2.868
1.760
3.409
2.785
2.754
6.088
6.808
5.021
3.995
4.501
3.089
3.756
2.799
1.130
1.812
1.914
1.706
2.073
1.812
2.719
2.945
3.150
3.836
3.130
2.532
1.065
1.403
2.026
3.051
3.534
3.414
3.895
2.707
1.255
1.515
1.749
1.623
2.211
6.217
1.899
2.232
2.442
1.666
1.821
3.251
3.521
2.273
1.479
1.335
0.719
1.206
3.867
5.178
2.871
2.403
1.248
2.154
2.137
2.332
2.841
1.786
2.297
2.051
2.699
2.513
2.286
2.668
2.032
3.435
3.461
3.332
1.432
2.250
1.832
1.540
0.784
0.909
3.566
5.314
4.677
1.577
2.735
4.842
3.680
2.792
2.834
1.993
3.021
2.418
2.130
1.834
2.188
2.469
3.155
3.201
2.896
1.978
3.050
2.045
1.319
2.810
1.395
3.863
3.029
2.076
1.993
1.573
2.333
1.785
2.090
0.681
1.405
2.683
1.957
1.784
2.533
1.769
3.888
2.521
1.583
1.220
1.395
2.114
1.891
1.196
3.675
2.185
1.744
1.156
1.811
2.920
4.097
3.255
2.041
3.350
2.572
1.594
2.377
3.400
3.927
2.195
3.107
3.973
4.188
1.980
0.960
2.150
6.322
4.564
2.948
2.272
0.747
1.505
1.842
2.035
2.036
5.840
5.969
5.883
2.951
3.255
1.862
2.744
2.455
2.780
7.161
5.933
1.883
1.178
4.516
6.555
4.540
6.619
2.442
3.618
4.306
6.921
5.762
6.041
2.638
3.505
4.074
1.222
1.050
0.995
3.099
3.682
2.109
1.463
1.569
1.079
1.499
2.140
3.216
3.144
3.699
3.563
4.038
2.525
2.616
3.341
2.995
3.325
1.694
0.969
1.850
2.326
2.724
2.904
3.828
4.468
5.295
2.346
1.349
1.711
1.264
3.287
1.997
3.500
3.202
1.010
2.278
1.519
2.022
2.229
2.080
1.845
1.961
1.627
2.103
2.551
1.964
2.190
3.135
4.377
2.569
4.201
3.218
4.506
2.618
2.938
2.992
3.886
1.963
3.820
3.713
3.575
4.025
3.318
5.199
2.792
4.882
3.933
1.637
1.974
2.587
4.310
5.540
3.307
2.825
2.549
4.238
9.616
9.948
4.862
3.074
4.706
3.069
1.790
1.968
1.937
2.344
2.033
2.155
1.414
2.297
2.943
2.442
0.952
2.209
2.780
2.971
5.091
3.514
6.031
5.231
2.855
3.357
1.927
2.468
4.431
6.160
5.541
2.278
1.149
2.956
2.921
2.692
3.099
2.608
2.445
4.134
3.726
1.697
2.087
1.407
2.107
2.673
1.220
2.392
3.489
2.080
1.667
3.784
4.904
5.054
2.800
2.258
2.166
4.707
2.362
2.444
2.074
2.494
1.924
1.941
3.113
2.124
2.429
4.214
2.817
3.231
3.653
2.816
3.454
3.092
1.466
1.525
2.279
3.577
2.728
3.678
3.087
2.163
1.243
3.040
3.129
5.233
3.633
2.673
4.576
3.777
4.044
2.704
3.024
3.832
2.815
3.782
4.691
4.352
2.915
4.217
2.449
2.718
3.404
1.349
1.984
1.444
1.582
2.839
2.890
2.850
3.116
1.805
2.355
1.455
1.886
3.134
2.596
1.587
1.908
3.476
3.126
1.686
2.377
2.271
2.860
2.297
1.784
2.930
5.390
2.160
4.037
4.499
4.126
3.140
1.777
3.279
2.564
3.667
2.241
1.933
2.748
2.883
2.102
1.595
1.895
2.125
1.648
4.422
0.956
2.053
4.857
4.074
2.245
2.095
3.769
3.490
3.723
3.830
3.644
3.171
3.448
2.998
3.079
2.074
1.311
2.471
2.720
1.814
2.069
1.769
3.698
4.328
3.984
2.516
1.914
1.867
1.529
2.026
1.882
1.691
2.277
1.063
2.745
2.534
3.093
2.386
1.947
1.343
1.974
1.856
2.422
1.568
1.862
1.683
1.726
1.975
1.253
1.155
2.493
1.285
1.507
1.092
1.200
1.275
1.794
2.529
2.437
1.474
0.914
1.192
1.272
1.612
1.382
1.540
2.020
1.912
5.814
1.785
2.661
1.708
2.346
2.022
1.971
2.295
3.362
2.785
2.384
2.031
1.971
2.156
1.868
4.177
3.753
1.617
1.536
1.093
1.847
4.076
3.180
2.203
3.273
1.214
1.057
2.025
4.070
5.700
2.136
2.255
1.712
3.685
3.722
6.063
3.122
1.836
3.971
2.487
2.402
1.963
3.111
4.520
4.788
5.248
2.840
2.493
1.572
1.000
1.724
2.805
1.796
1.698
2.089
3.374
3.669
3.699
2.698
1.486
2.198
1.499
1.393
1.352
1.431
2.103
1.460
1.332
1.411
1.553
5.312
5.977
3.630
3.653
3.680
2.282
2.296
2.145
2.811
3.224
2.033
2.520
2.779
1.733
2.476
4.067
5.547
7.823
4.681
2.170
2.109
3.019
3.409
4.748
2.243
1.990
1.850
2.512
2.379
1.816
2.730
2.961
2.544
2.017
1.810
2.388
2.466
3.767
2.554
1.853
1.139
1.102
1.553
2.025
3.270
2.306
1.856
2.312
2.018
3.725
2.502
2.682
3.492
3.343
2.919
3.080
4.195
2.197
2.222
2.316
2.630
1.879
2.451
4.346
4.173
2.404
1.745
1.065
1.932
2.695
2.519
3.421
4.005
2.749
3.168
3.218
4.282
3.308
1.535
2.261
3.045
1.636
2.677
4.442
5.098
4.942
5.314
3.434
2.544
2.418
3.812
5.442
2.861
4.453
2.017
5.409
4.955
3.348
4.114
5.391
5.199
4.069
2.985
3.252
3.212
2.572
2.989
1.466
2.434
4.428
2.552
2.427
2.510
2.799
2.875
2.656
2.530
4.876
3.236
3.370
2.898
3.338
3.976
2.247
2.057
2.486
3.251
3.273
3.823
2.712
3.147
3.903
1.689
3.512
2.156
2.957
4.565
3.572
3.085
2.287
4.332
2.728
2.227
2.105
1.415
1.953
1.894
1.589
2.290
3.763
3.012
3.001
5.021
4.833
4.090
2.935
1.607
2.556
3.126
3.987
5.842
6.453
6.201
3.831
5.606
4.048
2.086
2.248
1.684
2.191
2.497
4.856
4.888
2.637
3.482
3.940
4.086
4.403
3.304
2.775
3.379
2.861
4.771
3.144
5.272
6.733
4.345
3.913
3.615
1.972
1.651
1.093
2.136
2.433
2.071
2.707
2.686
1.975
1.584
1.025
1.461
1.507
2.673
1.758
2.387
3.685
3.536
4.712
2.394
3.926
2.564
3.879
3.370
4.554
3.879
1.206
2.205
2.504
2.350
2.633
2.364
1.239
1.753
1.339
1.000
2.359
2.491
0.956
1.593
1.624
3.265
1.659
2.046
2.287
2.014
1.839
2.105
1.995
1.812
1.208
1.296
1.059
2.105
1.018
1.638
1.603
3.157
3.541
3.728
3.147
3.001
2.774
1.255
1.220
1.246
1.409
2.602
3.577
2.107
2.087
2.529
1.509
1.817
2.377
2.439
2.353
1.328
1.436
1.283
2.142
1.726
1.429
2.054
2.817
0.796
1.458
1.560
2.395
1.243
1.450
1.777
1.744
2.481
2.396
1.125
2.312
1.577
2.192
1.987
1.455
1.135
1.266
1.117
1.084
1.794
1.718
2.222
1.086
1.166
1.903
2.706
3.497
2.495
2.504
1.077
2.560
2.200
2.296
2.427
1.709
3.219
3.152
2.708
4.483
4.045
3.583
2.893
3.446
1.952
1.648
2.289
2.319
1.268
4.669
1.705
1.910
2.935
1.758
3.229
4.445
3.139
2.565
1.807
1.332
3.500
5.008
3.024
2.654
2.127
1.666
2.101
1.758
1.234
2.422
3.498
3.154
1.617
2.873
1.614
2.094
2.876
3.263
2.814
1.503
1.032
1.539
2.550
2.361
2.017
1.524
0.935
1.191
1.359
1.835
1.485
1.510
2.001
1.590
2.236
2.197
3.366
2.035
1.262
1.492
1.495
2.251
1.592
1.710
2.358
4.844
5.057
5.963
5.541
4.122
5.084
3.791
1.939
3.645
5.228
4.372
2.746
1.782
3.224
4.498
2.431
6.279
3.636
5.116
1.992
1.815
1.538
2.956
4.560
5.689
4.943
1.987
1.107
1.951
1.706
1.823
2.327
2.187
1.451
2.684
4.337
4.515
1.260
0.929
1.986
4.016
4.602
3.184
5.232
5.138
3.864
2.727
2.452
2.762
2.785
4.723
4.291
2.552
2.133
2.391
4.402
1.900
2.034
3.818
3.797
2.451
2.623
3.670
2.334
2.830
5.737
4.800
2.241
5.122
6.019
6.101
5.855
1.754
2.552
1.701
1.349
2.473
2.093
1.964
2.152
2.292
3.487
5.741
4.488
3.826
3.861
1.020
1.748
3.455
1.925
3.319
4.926
5.299
2.144
2.279
2.774
2.268
2.570
4.312
3.656
1.633
1.142
4.725
3.563
3.295
3.226
3.341
4.749
4.291
2.568
2.286
3.191
3.258
2.095
2.229
2.907
4.022
2.143
1.177
2.211
5.238
5.250
3.221
2.932
2.299
1.691
3.355
2.653
1.552
1.619
2.503
2.760
2.158
3.869
4.377
1.911
1.330
1.251
1.099
1.059
1.688
1.712
1.743
1.813
1.361
2.414
3.401
2.213
2.406
2.522
2.453
2.931
3.730
4.192
3.373
1.511
1.822
1.533
2.132
2.364
1.939
2.255
2.223
2.948
3.591
3.898
2.579
1.813
1.652
1.695
3.407
3.662
4.606
5.071
1.724
2.406
1.715
3.436
1.476
2.051
2.399
1.748
5.447
2.733
1.326
2.007
2.074
3.247
1.364
1.926
1.570
1.683
3.190
3.729
3.151
1.941
2.096
4.579
6.548
6.480
2.690
1.598
2.456
1.848
2.060
3.085
2.717
2.436
5.415
3.476
1.681
1.870
1.963
3.253
1.477
2.228
1.737
1.549
2.118
1.984
1.228
0.761
1.137
1.927
3.052
3.013
2.639
2.032
1.476
1.673
2.034
1.830
2.559
4.769
4.321
1.468
2.449
3.267
3.324
1.366
2.749
3.031
1.604
1.887
1.809
1.337
3.885
2.347
3.908
5.753
4.475
2.703
3.090
1.780
0.990
1.625
1.838
2.819
0.867
2.780
2.890
1.968
1.405
1.518
2.161
3.307
3.154
2.309
2.724
1.647
1.351
3.725
2.649
1.368
1.240
3.187
2.378
1.523
1.576
1.648
1.816
1.088
2.352
2.042
1.855
1.124
1.476
2.480
2.919
2.664
1.175
2.172
2.447
2.116
2.238
1.405
1.149
2.315
1.598
1.852
2.636
1.555
1.967
2.389
3.239
3.092
2.032
2.451
3.344
4.407
5.020
3.993
1.830
1.279
1.458
2.553
3.936
4.289
2.151
1.886
0.914
3.223
4.399
2.172
2.686
1.776
3.812
3.036
1.414
1.455
1.689
2.746
1.748
2.886
6.561
4.332
2.848
1.604
2.173
2.335
2.136
1.825
2.239
2.155
1.165
2.168
4.794
5.382
4.291
2.314
3.358
2.382
2.831
2.895
4.171
3.651
1.163
1.642
2.495
2.512
1.161
2.579
3.384
3.383
1.974
3.213
2.207
1.839
3.009
3.560
2.761
3.468
2.326
1.670
4.581
8.717
10.394
5.681
2.945
4.476
4.067
3.778
4.809
3.950
3.619
2.243
2.444
2.966
3.964
3.491
3.117
2.896
3.896
3.955
2.951
4.649
3.555
2.891
4.382
3.233
3.050
2.113
3.129
5.061
4.287
2.400
2.615
3.813
1.958
2.079
2.041
2.335
1.994
3.320
2.803
1.786
3.322
4.246
1.538
3.298
5.062
1.749
2.106
1.724
2.289
2.962
2.879
3.279
5.222
4.172
1.472
2.933
2.643
3.374
3.295
2.148
2.122
1.172
1.572
2.112
2.959
2.980
3.591
1.822
3.504
1.408
2.198
4.523
3.537
1.467
1.027
3.001
1.727
1.800
1.606
1.339
2.380
2.521
0.973
1.340
1.717
2.893
3.189
2.439
1.414
1.698
1.972
2.013
2.862
3.828
2.723
4.005
3.364
2.089
2.696
4.023
3.648
2.434
2.040
3.032
3.761
5.819
3.719
5.499
2.234
1.840
2.156
1.782
1.916
1.350
3.408
1.481
1.324
1.446
1.553
1.442
1.984
2.833
2.129
2.935
4.059
5.186
3.008
3.453
4.399
3.934
3.295
1.790
2.158
2.202
2.079
2.563
4.080
5.702
6.268
3.211
2.199
0.917
2.022
5.444
4.448
5.564
3.950
1.127
1.450
2.200
3.936
4.301
2.824
1.938
4.696
5.246
2.255
1.045
1.372
3.365
3.761
5.169
2.785
1.685
1.804
2.164
3.067
2.001
2.509
3.473
2.659
1.075
1.778
1.930
5.519
5.289
2.911
3.457
3.058
2.815
4.702
3.252
2.885
3.759
2.654
3.219
2.322
2.780
2.245
3.074
1.786
2.802
1.388
1.809
1.848
3.145
3.059
3.572
2.744
4.192
2.040
3.528
2.181
1.812
1.505
4.122
2.159
1.483
2.225
0.993
1.806
2.377
1.360
1.044
1.852
1.600
1.253
2.044
1.867
3.350
2.444
5.001
3.254
3.227
2.670
2.086
4.146
4.523
4.863
5.554
2.890
1.297
4.523
3.077
2.442
2.692
5.085
5.092
3.730
1.565
1.965
1.400
1.711
1.519
1.572
3.133
1.807
2.146
3.471
3.933
3.036
2.739
1.273
1.402
1.585
2.876
3.305
2.763
0.980
1.423
1.740
1.971
3.195
3.073
1.322
1.378
0.888
1.723
0.884
1.810
2.743
1.740
3.676
2.109
2.500
2.120
1.547
1.154
1.566
1.807
0.791
1.286
1.722
1.328
1.341
1.575
1.776
1.375
1.936
4.307
4.038
2.766
2.259
2.027
1.663
1.202
1.057
1.474
1.641
1.690
1.301
3.078
3.271
2.390
3.334
2.951
3.251
1.195
2.028
1.640
0.957
2.260
1.401
1.214
1.203
1.679
1.792
1.511
1.466
1.941
1.171
1.633
2.704
3.770
4.319
3.545
1.756
1.504
3.751
3.747
1.801
2.695
3.525
3.599
4.692
3.612
4.320
2.444
1.864
1.636
2.054
1.801
1.289
1.071
1.583
1.061
3.620
3.072
2.588
2.779
2.534
1.834
3.078
2.517
1.048
1.319
1.213
4.918
6.078
9.165
6.690
2.208
3.793
3.007
5.205
6.570
2.635
3.056
2.249
3.374
2.205
2.821
2.933
1.634
1.253
1.521
1.726
2.606
3.463
3.347
3.172
2.747
1.640
4.121
3.710
3.600
5.196
2.145
1.274
1.781
1.873
1.513
1.541
2.578
2.809
3.394
5.218
2.849
1.983
4.165
7.793
7.619
7.173
3.949
1.892
0.996
1.758
1.815
2.770
2.176
2.318
1.949
1.468
2.596
3.762
4.516
5.154
3.410
4.536
3.907
3.637
1.820
1.822
2.013
1.383
3.459
3.221
4.423
3.260
2.226
3.427
3.829
4.320
4.886
4.314
6.367
3.510
1.249
1.839
1.706
1.302
2.321
1.996
2.226
2.105
2.108
2.234
1.913
2.206
1.823
1.581
0.987
2.111
2.869
1.374
1.253
1.825
2.195
2.172
1.019
1.592
3.161
4.598
1.883
2.340
2.911
4.390
3.908
2.537
2.910
2.986
1.268
1.903
2.714
2.792
1.851
3.255
4.838
4.998
2.907
2.905
2.625
4.986
5.103
2.282
2.114
2.818
4.409
5.550
6.393
4.755
3.573
4.393
4.905
5.682
3.572
3.455
3.440
2.949
1.787
1.590
1.226
2.432
2.632
2.344
2.302
2.456
4.991
5.880
3.259
2.611
5.611
1.777
3.438
7.062
4.603
2.884
2.639
3.256
7.073
3.616
3.239
3.545
2.909
1.922
1.228
1.140
2.710
2.298
1.415
4.318
6.140
2.719
3.219
5.012
3.636
2.377
1.414
4.691
3.465
1.072
2.116
2.388
2.587
2.328
2.899
1.347
1.271
1.797
1.916
1.931
3.963
3.653
2.866
1.700
1.947
3.338
2.032
1.058
1.674
1.377
4.156
5.931
2.658
1.596
3.356
1.689
3.369
2.506
1.840
3.800
4.915
5.648
2.555
1.279
2.593
3.457
4.212
3.390
1.351
1.130
2.187
2.558
2.194
1.585
1.391
1.792
2.685
2.210
1.207
1.312
2.091
2.453
1.680
1.467
1.799
2.540
2.605
2.286
3.955
3.285
1.765
2.385
4.854
4.122
2.200
2.703
2.200
3.105
3.467
1.764
1.301
1.915
1.992
2.693
3.341
4.726
2.026
1.491
0.968
1.604
1.710
3.180
2.924
1.505
2.397
1.133
4.400
4.851
2.868
2.032
3.379
1.890
1.193
1.462
2.305
0.976
1.116
2.410
2.299
1.648
2.111
1.148
1.504
1.687
2.529
1.183
1.864
3.166
2.654
3.119
2.643
1.946
3.169
4.173
2.733
1.346
1.311
2.004
2.862
2.507
2.113
3.843
2.096
2.667
1.988
2.836
3.856
5.111
4.271
3.083
2.871
3.242
2.401
3.099
2.782
1.962
1.739
2.143
1.678
1.595
3.452
3.701
4.778
2.548
2.360
1.639
4.493
3.089
1.173
1.693
2.043
2.514
4.550
1.595
1.807
3.456
3.136
1.945
3.376
3.473
1.969
1.650
2.352
4.560
2.192
2.986
3.513
2.605
1.225
2.235
3.025
4.327
2.467
3.291
4.603
4.575
3.484
2.986
4.556
2.908
4.259
2.819
2.700
2.338
2.057
2.003
2.534
2.148
4.682
2.101
1.953
3.424
3.296
3.064
3.640
1.728
2.039
4.244
4.101
2.619
1.329
1.231
1.003
2.343
2.283
1.688
1.976
1.558
1.730
3.106
3.692
3.005
3.638
4.178
3.952
3.956
1.561
2.029
2.121
2.087
3.596
4.246
2.605
2.892
1.816
2.066
2.507
1.952
5.157
3.961
2.041
2.057
1.679
2.311
3.329
2.782
2.940
4.487
6.713
5.746
3.716
2.329
2.966
2.083
2.513
2.380
2.022
2.046
4.602
4.978
2.288
3.442
2.734
2.634
4.212
4.136
1.885
1.950
2.848
1.620
1.131
2.026
1.601
2.060
2.336
3.981
3.748
6.237
7.710
4.523
2.837
3.548
3.697
4.299
5.138
4.452
3.368
3.765
4.648
5.198
5.700
4.838
4.294
3.823
1.967
3.223
4.141
3.777
3.235
2.893
2.921
4.589
5.112
2.377
1.471
2.178
3.694
1.700
2.125
2.599
4.584
7.719
2.083
1.413
2.915
3.359
5.332
4.055
2.003
2.218
1.229
1.918
1.638
3.166
2.937
2.627
3.787
4.457
1.952
2.721
3.169
2.756
6.133
5.362
3.992
2.700
2.657
1.754
0.866
1.669
2.094
2.037
1.916
1.883
2.193
2.987
4.987
2.943
1.118
2.738
2.876
3.271
4.664
6.382
1.699
2.706
3.261
1.820
1.991
3.988
1.130
1.563
1.964
2.201
2.985
3.062
1.568
3.655
1.822
1.083
1.149
2.849
4.475
1.830
1.117
2.467
2.454
2.478
3.063
1.887
2.054
2.397
2.622
2.586
2.530
4.891
5.157
5.125
3.283
4.224
3.649
2.398
1.769
1.457
0.973
2.563
1.400
1.397
1.989
1.058
1.557
3.377
1.927
3.310
3.479
4.140
4.012
3.509
1.078
2.697
2.473
1.934
1.109
1.484
1.728
1.741
2.358
3.267
2.425
1.384
3.435
5.418
1.686
1.463
1.701
2.710
3.590
1.987
1.550
1.459
1.571
1.460
1.620
3.774
5.187
3.739
3.643
4.336
3.412
1.918
2.066
2.456
2.449
3.121
2.593
1.377
0.942
1.708
2.152
1.727
1.425
2.839
3.737
2.850
1.580
2.452
1.052
1.273
1.539
1.743
1.510
1.526
1.486
1.837
1.795
1.586
2.115
2.547
4.243
3.816
2.588
2.302
2.239
3.274
2.090
1.916
2.394
1.310
3.025
1.290
1.690
2.250
1.439
1.643
1.267
2.364
2.158
2.160
1.415
1.995
2.787
2.788
3.508
3.879
2.676
2.283
2.171
1.661
1.717
1.553
2.087
1.756
1.836
1.793
2.008
2.109
3.631
1.260
2.458
3.254
6.139
6.711
2.595
3.455
2.177
1.667
3.862
3.712
2.414
2.870
2.245
4.447
1.923
4.839
3.827
3.744
3.225
3.027
1.323
1.745
2.524
1.846
1.067
1.317
1.441
2.506
2.079
1.672
1.126
2.891
2.961
4.464
6.345
4.584
4.894
6.049
6.204
2.245
2.279
1.925
1.986
4.342
2.201
3.749
2.509
2.532
3.389
4.091
4.679
4.956
4.515
4.038
3.202
2.137
3.487
2.859
1.891
2.629
2.287
3.165
2.946
4.291
1.806
2.155
3.127
4.629
4.367
1.289
2.482
1.466
2.928
3.576
1.752
2.669
3.110
3.813
2.817
5.031
2.866
2.227
2.495
4.929
3.471
2.415
4.319
3.084
4.269
3.155
3.870
1.890
3.151
3.207
5.999
2.892
1.017
2.112
2.105
5.449
4.790
4.689
6.604
3.593
2.085
1.387
2.771
3.332
1.517
1.858
1.815
2.022
1.496
2.177
1.375
1.603
0.939
1.103
2.625
2.878
1.883
2.809
5.708
9.253
5.820
3.178
5.595
2.775
4.331
2.992
0.907
1.774
1.601
2.133
3.211
4.623
3.749
2.476
1.850
4.771
2.027
2.088
2.647
1.675
2.814
5.132
3.525
2.137
2.351
2.485
3.314
2.524
3.373
3.137
3.179
3.112
4.099
3.208
1.560
2.326
2.287
2.732
1.437
1.914
5.139
4.728
4.074
5.055
3.172
3.817
3.810
2.029
2.128
2.924
4.124
4.670
3.204
2.256
1.872
2.261
5.274
5.649
6.640
5.335
4.602
2.203
0.937
1.857
2.353
2.388
1.879
3.122
2.626
2.294
4.093
3.014
2.335
2.731
3.757
6.545
4.892
2.731
4.292
2.982
1.760
4.336
3.455
3.566
3.521
4.350
5.057
3.965
5.128
4.499
2.627
2.506
1.848
2.002
3.955
4.362
3.607
1.892
3.153
4.572
5.653
4.050
1.700
0.953
1.717
2.001
1.666
2.188
3.937
4.230
2.571
2.384
3.317
3.031
1.930
1.442
1.354
1.972
1.975
2.550
1.580
2.767
3.380
2.826
3.456
1.507
1.741
1.856
3.138
3.716
3.506
2.938
2.307
3.093
1.775
1.396
1.653
2.007
3.121
2.152
2.949
2.628
3.766
3.719
4.015
1.358
2.611
1.024
3.081
3.586
3.194
2.099
0.932
1.819
2.299
1.253
2.371
2.303
3.377
2.626
1.994
2.753
2.557
1.373
2.185
3.240
4.681
4.668
1.574
1.071
3.410
4.088
2.725
4.663
2.934
3.409
2.705
2.582
3.757
2.888
1.131
1.710
2.443
2.626
2.477
1.608
2.983
4.982
1.875
2.481
1.356
2.112
3.068
3.019
1.391
1.695
2.083
2.077
2.488
1.741
2.819
3.425
1.428
0.989
1.239
1.477
1.624
1.065
1.640
0.940
1.027
2.122
3.477
4.772
4.253
3.962
1.682
1.694
2.141
2.706
1.458
2.053
2.576
0.959
2.059
1.903
2.919
1.853
2.904
3.106
3.192
1.843
3.983
2.220
1.502
1.689
1.371
1.599
1.727
1.135
1.605
2.694
2.400
1.757
3.768
5.687
3.757
2.929
1.380
1.828
1.899
1.617
2.489
3.622
5.846
4.517
2.758
1.644
3.274
1.367
1.351
3.826
4.657
2.588
2.311
3.881
7.325
6.031
6.860
5.004
5.286
6.253
2.121
1.462
0.818
3.138
2.912
1.715
2.428
1.553
2.187
2.327
2.163
2.415
1.912
6.521
5.391
1.828
4.976
5.433
2.125
3.288
8.297
4.713
4.398
3.249
0.784
2.581
5.571
7.416
5.518
2.985
3.473
3.430
3.029
2.428
3.451
1.877
3.758
6.224
3.107
2.392
2.615
1.684
2.086
3.656
2.531
4.325
3.384
2.213
3.014
2.770
3.741
5.141
5.414
2.539
2.198
2.283
1.929
2.329
2.249
2.604
3.522
1.680
1.374
2.589
2.186
2.318
2.541
3.122
4.475
5.351
3.009
2.851
3.113
3.161
2.098
2.096
3.723
5.182
1.917
4.024
5.567
5.463
3.139
3.497
3.750
3.916
1.945
1.649
1.878
2.262
3.097
2.056
3.086
2.593
2.841
0.990
1.218
3.731
3.282
5.770
3.565
1.710
4.141
3.396
2.596
4.870
4.256
4.678
3.053
2.746
2.889
3.417
4.530
6.925
7.046
2.746
2.168
1.333
2.226
2.211
1.612
2.305
1.926
2.558
3.583
3.540
5.396
5.088
5.086
3.991
2.355
2.315
3.535
4.227
6.101
1.500
3.748
4.691
4.546
2.662
1.949
3.220
5.760
2.458
2.485
2.219
4.211
3.056
2.712
2.307
3.702
4.118
2.657
2.912
2.272
2.952
3.528
3.018
4.486
2.040
2.653
2.395
3.016
4.687
4.253
2.334
1.379
2.845
1.802
3.795
4.060
2.263
3.575
4.815
2.783
2.465
4.046
4.196
4.220
3.515
2.747
2.511
2.688
2.700
1.655
3.991
3.877
3.493
1.704
1.996
4.000
2.286
2.501
1.580
4.483
5.078
4.684
3.744
4.188
3.192
2.835
2.460
2.500
2.166
1.657
1.745
2.510
2.206
1.397
3.521
3.581
4.103
4.580
3.267
2.662
2.260
2.112
1.415
2.290
1.445
1.822
1.839
1.398
2.247
2.451
2.358
2.589
3.583
1.929
4.284
4.129
1.561
2.741
1.567
3.198
2.824
1.695
3.937
1.196
1.135
1.639
2.993
2.113
3.380
4.458
4.304
3.109
2.106
3.395
2.818
2.566
2.361
1.127
1.745
1.798
2.500
1.567
2.737
3.376
1.986
1.556
2.642
5.289
4.814
1.671
1.411
1.796
2.147
1.766
1.919
3.909
5.102
1.915
2.132
2.412
2.303
5.466
2.882
2.013
1.781
2.159
2.570
1.001
1.245
0.933
1.408
2.745
1.743
1.275
3.068
3.531
2.652
2.962
1.409
1.857
2.720
1.667
2.725
4.045
1.600
1.911
2.141
3.072
1.561
2.500
3.635
1.948
2.101
1.773
1.435
1.463
1.556
1.793
1.541
2.602
2.263
2.067
2.219
3.259
3.286
2.626
1.778
2.340
5.216
3.113
3.004
3.471
4.181
3.863
2.863
3.020
3.632
4.011
3.080
2.714
3.270
2.284
5.048
3.666
1.656
2.464
3.475
2.126
2.915
2.604
1.335
1.758
3.598
1.469
2.404
3.556
3.072
2.043
2.411
2.429
4.463
4.267
3.378
1.504
1.415
1.267
1.337
1.957
1.956
1.925
2.601
2.674
2.776
5.639
2.437
1.330
1.352
2.249
2.040
1.822
1.299
1.278
2.448
2.348
3.551
5.074
3.386
1.058
1.217
2.133
2.175
2.645
3.730
5.406
2.726
3.006
2.012
3.981
4.382
1.903
1.589
2.328
1.522
1.989
2.355
1.793
2.862
5.838
5.635
4.223
2.258
2.059
2.259
2.587
3.081
1.665
1.453
1.414
1.430
2.160
5.067
4.237
2.020
1.851
1.469
3.238
4.093
4.969
2.249
1.853
3.116
3.340
1.951
2.164
3.176
2.237
2.393
2.907
1.738
2.899
3.455
3.672
3.187
4.383
3.410
3.780
2.320
3.219
1.837
2.273
1.446
1.116
2.632
1.932
2.006
1.654
1.623
1.761
2.376
1.485
1.479
2.478
1.239
1.473
1.869
2.563
2.961
2.569
4.242
3.892
2.511
2.930
4.007
2.774
2.445
2.767
2.073
1.619
3.787
5.184
1.936
3.088
3.126
2.956
2.295
2.366
3.472
2.347
2.911
2.343
2.346
3.618
4.009
2.784
2.069
3.111
3.699
4.781
2.478
3.239
4.282
2.956
3.801
3.289
2.109
2.416
2.137
3.095
1.966
4.018
3.567
3.217
2.897
2.430
2.680
2.878
3.330
2.472
4.558
3.291
2.103
3.319
2.809
3.569
4.195
3.065
4.724
5.807
5.941
3.380
1.870
1.877
1.660
3.476
2.118
1.404
1.324
2.838
3.917
2.205
2.261
1.734
1.531
1.594
2.411
2.389
4.712
3.496
3.985
2.613
2.862
1.926
2.069
1.259
1.822
4.072
2.100
1.873
2.628
3.147
2.403
2.370
3.283
4.204
3.009
3.201
4.502
5.972
5.889
4.290
2.127
2.571
2.893
4.192
4.350
3.588
2.783
1.302
1.971
2.217
1.371
2.080
1.984
2.168
3.173
2.010
2.253
4.660
4.736
2.631
2.147
1.190
3.041
3.682
3.320
1.314
1.338
1.410
2.720
1.639
2.028
6.528
4.152
2.711
1.681
1.901
3.802
2.224
0.997
1.703
1.323
1.550
1.920
1.854
2.180
2.056
2.594
1.658
1.222
2.440
3.176
2.518
0.932
2.350
3.342
2.819
1.874
3.469
3.919
3.564
3.758
2.989
3.099
1.981
2.226
3.801
3.619
2.142
1.196
2.037
2.527
2.708
1.799
3.160
3.440
2.223
2.138
2.497
2.704
1.530
2.701
3.578
3.495
3.075
2.077
1.771
1.782
0.952
1.214
1.099
2.579
1.632
1.001
3.095
4.256
1.847
2.044
2.956
3.516
4.993
4.044
3.429
2.061
1.956
1.357
1.349
2.074
1.537
2.018
1.195
1.770
1.473
2.414
3.902
1.308
1.437
2.478
1.670
2.270
2.690
1.231
4.075
2.802
1.144
1.752
1.906
2.908
3.659
2.989
2.775
2.437
1.827
2.383
3.145
1.790
2.044
1.493
2.030
2.258
1.631
2.995
3.485
3.684
3.288
3.400
3.045
2.920
1.115
1.393
1.380
1.174
1.915
2.009
2.460
2.746
2.747
1.612
4.104
4.248
2.155
3.891
2.311
2.128
2.654
4.506
4.145
2.731
2.422
2.552
5.409
3.407
3.233
2.530
4.368
3.147
3.679
4.103
2.465
2.159
1.532
1.666
2.379
2.499
3.393
4.178
2.717
2.698
3.091
3.963
2.962
3.231
3.304
4.506
8.199
9.642
8.035
4.001
1.457
1.687
3.085
7.022
3.614
3.400
6.188
6.571
3.356
3.093
3.791
2.813
2.993
2.822
2.978
2.834
2.552
2.432
2.230
1.739
1.587
2.638
3.068
3.104
3.505
1.814
2.709
2.011
1.974
1.826
3.089
1.527
1.925
2.097
2.723
2.859
1.605
1.059
2.783
5.633
4.194
3.110
2.886
3.034
2.781
4.843
3.271
1.864
4.156
1.764
4.378
2.572
2.411
2.453
2.341
1.451
3.025
2.958
1.922
2.432
3.162
1.516
3.192
2.662
5.802
1.712
2.371
4.185
2.354
3.506
4.638
3.717
2.647
2.480
3.427
2.503
2.525
4.467
4.098
5.190
4.661
2.776
3.352
1.844
1.565
1.857
1.414
1.883
1.681
2.103
2.089
2.162
1.493
1.410
2.977
2.471
2.372
1.747
2.695
4.249
4.751
3.937
1.729
2.003
2.282
3.234
1.387
1.761
1.736
2.805
2.204
2.039
2.155
2.453
3.146
4.932
3.135
2.259
2.331
2.139
1.774
2.439
3.046
1.474
1.601
1.359
1.556
0.673
2.009
3.249
2.215
0.820
1.746
2.216
2.595
4.136
4.659
4.565
5.927
6.611
4.578
1.292
1.782
4.667
2.093
2.672
1.622
3.724
3.419
2.930
2.609
2.707
3.245
5.882
1.771
2.050
1.983
2.001
2.096
3.845
2.269
3.965
4.114
6.290
2.485
4.317
2.516
3.648
4.322
4.418
3.126
4.006
2.152
1.763
1.557
1.919
2.627
4.036
2.379
2.713
2.548
1.303
3.314
3.658
3.790
3.376
2.195
4.329
1.571
1.133
1.488
1.424
1.632
1.645
1.197
1.902
1.733
1.363
2.588
2.499
1.327
1.548
2.770
0.874
2.308
1.635
2.118
1.754
0.959
2.430
2.335
1.186
3.228
3.766
3.712
3.315
1.883
3.151
2.053
2.454
2.192
2.011
0.931
1.262
3.489
2.982
1.546
1.633
2.922
2.337
1.700
2.033
2.711
2.439
2.819
2.619
1.818
2.875
1.637
2.075
2.994
2.110
2.326
1.500
2.412
2.517
1.225
1.414
2.398
1.345
1.605
3.499
2.602
3.167
2.028
2.814
3.100
1.615
1.526
1.824
1.501
1.658
2.373
1.828
2.385
1.848
2.060
1.865
1.431
1.690
2.054
1.342
3.059
2.935
1.834
1.348
0.837
1.216
1.415
1.281
2.090
2.304
1.872
2.722
5.673
1.821
2.895
1.817
2.634
1.969
1.683
2.066
1.634
2.939
1.996
2.372
3.699
3.443
4.569
3.833
2.784
1.508
2.365
1.146
1.536
1.906
2.115
2.082
4.295
2.988
3.371
1.573
1.496
1.273
3.057
2.356
2.118
4.428
2.140
2.088
2.335
5.110
3.546
3.239
4.605
5.118
1.833
1.243
1.601
1.700
1.679
1.907
1.836
2.791
4.318
2.100
3.827
2.893
1.315
3.073
3.716
1.919
1.532
1.531
2.975
4.110
2.226
8.341
5.007
2.269
2.518
1.058
0.755
2.517
3.253
5.185
2.793
2.037
1.291
1.973
2.404
1.727
2.642
4.541
3.072
2.086
1.443
1.372
3.671
5.175
5.823
5.144
3.006
3.242
5.693
3.146
2.144
3.889
6.578
6.210
4.770
5.245
1.423
4.136
3.113
1.611
3.175
5.187
3.150
2.481
2.243
4.540
6.087
6.571
2.461
3.163
2.054
2.484
4.513
4.237
5.191
1.837
2.142
2.600
4.366
6.959
2.482
2.135
2.849
1.243
2.015
1.759
3.256
5.292
2.063
2.429
2.601
2.500
3.388
3.204
3.730
4.268
2.793
4.423
4.817
3.799
3.636
2.323
4.005
4.292
3.557
1.962
2.060
3.343
4.382
2.556
3.034
3.230
2.588
4.371
3.061
3.048
2.332
2.013
2.399
2.145
2.775
3.867
5.918
2.589
4.739
5.892
4.205
2.310
3.554
2.622
2.045
2.742
3.122
4.735
7.333
4.123
4.093
4.421
2.272
2.152
3.160
2.903
4.197
3.761
3.723
3.655
2.797
1.661
2.734
2.514
5.153
3.811
3.237
2.934
4.454
4.717
2.344
1.333
1.464
1.305
3.163
1.676
2.660
2.976
2.819
4.293
5.210
4.394
2.959
0.877
1.255
1.987
4.483
3.665
2.182
4.702
1.889
1.561
2.630
2.069
2.996
1.406
2.673
1.514
2.507
3.030
3.199
2.617
3.990
3.887
1.618
3.526
3.413
1.502
1.615
1.676
1.582
3.620
3.836
2.003
2.696
3.743
5.050
4.672
2.350
2.470
4.198
4.441
4.144
1.598
2.387
1.275
2.471
1.304
0.659
1.347
3.521
2.959
2.252
4.475
3.328
2.561
1.668
2.215
1.880
3.619
3.734
1.806
1.060
1.658
1.631
2.879
2.137
1.273
1.771
1.127
2.651
3.696
3.460
3.251
2.561
1.890
1.959
0.803
1.126
1.751
2.725
4.021
2.850
1.533
2.767
2.042
2.403
1.544
2.830
0.777
1.983
2.987
1.350
2.966
1.401
2.326
2.428
3.033
0.970
2.314
2.561
1.329
2.210
2.527
2.670
4.377
6.490
2.435
2.175
2.908
2.216
2.763
2.589
2.547
1.140
2.849
2.877
1.230
3.349
1.507
1.593
1.812
2.907
3.148
2.802
3.653
2.718
1.731
3.024
2.060
2.111
2.122
2.232
1.617
2.194
1.891
0.849
1.244
1.680
3.300
1.517
2.897
2.685
3.135
1.980
2.509
4.566
5.520
3.713
2.280
3.822
1.880
2.682
3.351
1.185
4.046
2.429
1.393
1.478
1.631
2.457
1.542
1.307
1.860
1.951
1.456
2.330
1.824
2.109
1.299
2.137
1.760
2.040
3.137
3.381
2.422
2.825
1.383
1.612
1.740
1.689
3.362
3.859
4.286
4.686
3.938
3.458
3.326
1.757
2.001
1.964
1.434
1.027
1.537
2.411
3.125
2.307
1.467
2.350
2.062
2.002
1.413
2.616
2.661
3.770
4.608
2.261
1.863
2.466
3.613
3.941
1.555
1.451
1.617
2.513
2.671
5.360
5.461
5.891
5.978
3.662
2.220
5.286
5.081
4.776
4.214
2.548
3.194
4.168
4.116
2.456
2.502
2.534
2.508
5.033
6.653
3.639
3.427
2.170
3.079
5.513
3.749
2.487
2.529
3.859
2.735
1.740
1.642
2.194
3.270
3.574
4.174
5.329
4.283
1.726
1.717
1.792
1.218
2.965
2.088
3.559
2.071
3.010
2.251
1.330
0.810
2.122
3.587
3.000
4.851
3.626
3.066
1.671
1.429
2.859
2.754
5.840
2.968
3.076
1.694
4.790
2.186
2.191
2.407
3.071
4.230
2.812
2.329
3.533
2.137
3.032
1.605
2.568
1.386
1.421
2.598
2.463
1.400
1.420
1.884
3.745
3.981
3.374
5.092
4.078
1.859
3.074
4.290
6.024
3.861
2.018
2.704
2.786
3.986
5.127
5.758
6.146
2.074
1.738
2.951
3.403
1.808
1.000
1.562
2.209
3.146
3.891
4.538
4.228
5.134
3.701
1.385
1.214
2.528
2.739
1.517
1.753
2.480
1.572
2.144
3.648
3.071
1.293
1.553
3.517
2.394
1.922
3.388
4.242
4.438
4.370
3.995
3.263
3.336
2.044
2.972
1.626
1.895
2.347
2.244
2.592
1.446
1.715
3.171
1.823
2.676
1.568
3.208
2.252
2.018
1.807
2.028
2.421
1.756
3.901
3.284
2.865
1.598
2.913
4.487
4.270
3.932
5.292
3.706
1.845
1.977
1.935
3.906
4.542
2.784
2.529
2.273
3.733
3.776
1.457
2.741
4.302
3.619
2.454
2.364
2.022
1.891
1.682
2.490
2.272
2.225
2.910
3.952
3.752
2.995
3.291
1.893
2.183
2.815
2.039
3.124
3.908
1.329
3.677
1.348
4.482
3.122
1.571
2.402
2.936
3.897
2.097
1.989
1.458
1.903
1.724
2.580
2.753
3.350
1.960
1.203
2.850
2.249
2.763
2.363
3.917
4.261
3.992
3.381
1.301
2.119
3.779
4.141
2.096
2.343
2.273
2.476
2.021
2.147
2.241
1.487
1.841
1.940
1.341
2.010
2.280
1.918
2.245
1.892
4.194
3.601
1.560
2.710
3.962
1.453
1.747
2.786
2.209
2.484
4.386
3.285
2.265
1.626
1.927
2.449
2.384
2.955
3.267
1.943
2.964
2.368
1.190
1.386
3.419
1.765
2.923
3.089
3.812
2.397
2.422
1.175
3.529
3.762
4.653
3.215
2.792
3.321
2.987
1.857
2.353
1.935
1.771
1.817
2.442
3.900
4.137
2.284
1.610
1.231
1.983
1.794
2.143
3.763
1.700
2.566
1.949
1.427
2.255
1.720
1.290
1.588
1.747
1.630
1.527
1.753
2.952
4.304
4.619
4.139
3.511
1.344
2.469
1.970
1.268
2.624
2.257
1.883
4.136
3.633
1.851
3.258
2.279
1.541
1.174
1.556
1.840
1.040
1.257
1.220
2.917
3.321
1.044
2.600
2.286
2.706
2.158
3.176
3.765
1.694
1.908
2.613
3.750
2.732
1.824
1.328
1.451
1.839
1.588
2.667
2.928
2.343
3.494
3.111
2.625
1.876
3.032
1.456
2.883
2.715
2.852
2.546
2.519
2.029
1.211
2.311
3.587
2.679
2.029
1.682
3.055
2.203
1.516
1.847
2.953
2.180
3.010
3.442
2.607
3.804
2.324
3.334
2.824
3.939
4.290
3.845
1.645
2.833
2.180
1.516
2.690
3.176
1.715
1.755
5.420
3.635
4.756
2.287
3.473
2.608
2.030
2.303
1.651
1.598
1.745
1.720
2.888
3.343
5.110
4.770
4.035
2.039
2.638
2.037
3.048
2.989
1.783
1.950
1.630
1.925
3.996
1.725
1.553
3.807
2.489
4.581
4.298
2.309
3.069
2.771
2.623
2.784
2.392
1.059
1.819
1.518
2.515
2.350
3.735
3.121
3.870
4.254
3.072
1.843
3.055
4.741
3.061
1.844
2.433
3.292
4.920
5.307
4.419
2.639
1.210
1.217
0.913
1.078
1.541
2.519
4.666
3.776
2.406
2.923
3.202
2.460
1.626
1.601
1.772
2.986
3.140
2.521
4.235
5.793
3.890
1.709
1.078
1.182
2.497
1.959
2.629
2.235
1.783
2.322
1.773
5.568
4.629
4.307
4.218
3.951
2.822
3.143
2.294
2.536
5.704
3.592
2.425
0.760
1.503
1.631
1.617
2.561
1.895
2.553
1.571
1.711
4.421
2.008
2.472
3.466
2.828
2.767
3.217
2.608
2.082
1.326
2.769
1.739
3.946
3.352
1.127
2.568
3.534
4.555
5.889
2.972
3.035
2.292
3.294
2.275
1.116
2.137
1.837
1.232
1.809
1.088
1.583
2.648
2.422
1.330
2.267
2.835
3.059
1.924
1.669
2.150
2.282
3.073
2.668
1.986
1.735
3.143
3.456
2.166
1.536
2.473
2.103
2.588
2.185
2.400
2.521
2.898
1.872
2.836
1.469
5.285
1.647
3.133
1.903
2.852
3.171
3.065
2.440
4.427
3.207
3.326
4.638
5.666
3.607
2.351
2.718
2.486
1.576
2.189
2.720
2.413
1.972
2.203
2.153
1.069
2.020
1.911
2.446
2.850
1.844
2.023
1.438
0.975
2.283
4.278
2.812
1.641
2.401
1.825
2.835
2.537
1.913
1.908
1.994
2.435
3.173
1.919
1.845
1.919
1.251
2.374
1.634
1.184
1.885
1.822
2.510
2.127
1.564
1.557
1.587
1.389
1.117
1.523
1.117
1.564
1.673
1.839
1.195
1.707
1.547
1.254
1.726
2.298
2.983
4.130
2.669
3.279
4.302
3.309
1.737
1.700
1.389
1.983
1.298
1.134
2.434
5.174
5.527
4.182
4.080
1.369
1.804
2.636
0.876
2.093
1.859
0.871
2.759
2.024
2.880
3.876
2.649
1.407
1.148
1.756
2.798
2.346
1.226
2.060
2.852
1.539
1.906
2.003
2.732
3.398
5.310
4.829
2.986
1.785
2.316
2.597
1.369
2.739
1.688
3.253
4.510
3.824
2.512
1.974
1.173
1.795
1.710
2.349
2.667
5.769
3.422
2.083
1.838
2.954
1.598
1.511
2.074
2.858
1.728
1.434
2.577
2.420
1.614
2.309
3.374
5.541
4.165
2.117
3.152
5.689
3.369
3.132
4.399
2.081
2.199
3.561
3.345
2.578
4.335
5.794
4.774
3.285
3.412
2.722
1.551
1.838
2.846
3.272
2.831
4.572
3.695
2.370
3.001
5.465
5.238
3.192
2.512
1.884
3.271
3.721
2.906
4.662
5.379
3.029
2.612
3.110
2.014
2.274
2.536
3.059
3.142
2.798
3.241
4.088
3.883
7.715
3.685
2.840
1.665
1.652
1.518
2.716
3.597
2.757
1.325
3.961
3.223
1.327
1.802
1.572
2.415
1.674
1.178
1.324
1.676
1.763
1.776
3.008
2.596
3.592
3.458
3.654
2.312
3.027
2.041
1.768
2.827
2.092
2.994
2.955
4.595
2.578
2.732
3.332
2.680
2.173
4.602
6.054
2.563
2.462
1.758
3.827
3.758
2.836
1.587
4.842
3.844
4.538
1.859
1.841
3.527
1.518
4.332
1.764
2.637
1.488
2.742
3.751
1.939
2.384
2.738
3.240
4.028
3.673
4.360
2.317
3.970
4.116
1.842
2.256
2.424
1.238
2.094
3.297
3.453
2.512
3.284
2.617
3.772
2.557
3.866
2.880
2.692
4.873
4.497
3.344
2.346
4.446
2.257
2.829
1.517
0.689
1.019
0.846
2.335
2.570
3.480
5.632
3.784
2.249
2.592
2.411
3.026
3.165
3.834
2.566
2.299
2.955
2.505
3.335
2.663
1.355
2.132
1.206
0.955
1.111
1.356
1.881
1.510
1.390
3.520
4.230
3.388
1.903
1.864
1.738
2.636
0.757
1.993
0.702
1.214
1.782
1.920
1.580
3.518
2.516
1.924
1.603
1.802
2.044
4.502
2.342
2.818
2.127
3.217
2.567
3.424
3.467
1.807
3.045
1.869
4.699
6.134
3.661
1.738
2.311
3.680
2.350
2.614
1.581
1.827
1.376
2.047
2.124
3.560
4.571
4.190
3.647
2.354
2.136
2.676
2.683
1.586
1.674
1.573
2.578
3.202
1.881
1.489
1.639
1.494
1.709
0.976
2.314
4.323
1.178
2.654
1.308
1.669
2.391
3.449
2.823
1.499
2.815
3.022
3.362
2.179
1.255
1.297
1.264
2.930
2.708
2.626
3.852
3.629
2.876
2.167
1.356
2.424
3.528
2.536
2.007
1.247
1.421
4.226
4.509
2.247
1.597
3.257
3.544
3.163
1.905
5.220
2.824
2.098
2.028
1.532
1.565
1.834
3.734
2.115
1.688
2.190
3.347
3.020
1.662
1.819
1.478
2.042
2.288
2.958
2.502
1.131
1.171
1.315
2.825
2.552
2.261
1.278
1.439
2.444
4.322
4.147
3.976
2.105
1.529
1.860
2.069
2.144
2.660
2.517
3.125
2.778
1.020
2.464
4.975
5.770
7.095
4.617
3.140
2.778
1.981
3.557
1.706
0.991
1.881
2.159
2.829
2.379
4.460
2.743
1.185
1.175
1.364
1.878
2.222
2.180
2.362
2.748
2.553
3.483
1.916
2.053
1.244
1.529
1.782
1.826
1.771
1.150
1.673
1.062
1.519
1.576
2.562
2.251
1.819
1.806
1.929
1.341
4.120
4.103
4.394
3.905
4.081
3.278
2.176
2.574
4.284
1.497
1.255
2.482
2.313
3.478
2.244
1.597
1.438
3.005
1.604
3.690
4.222
3.405
4.626
5.278
4.971
4.304
2.354
3.179
4.129
2.242
2.328
1.515
4.248
5.048
5.578
6.090
5.202
1.444
2.323
4.729
3.353
2.124
1.744
2.537
1.865
3.278
4.629
4.149
2.220
2.362
2.887
3.091
3.417
2.087
3.005
4.620
3.599
3.551
1.473
1.561
2.299
2.404
1.292
2.500
3.838
3.927
1.384
1.929
1.797
1.926
0.898
2.699
2.435
2.311
2.816
2.053
3.710
6.215
6.853
5.884
3.447
2.867
2.752
2.798
2.850
5.887
5.769
2.682
4.579
5.664
5.441
2.274
2.694
2.667
2.397
2.684
4.504
3.104
1.672
2.368
2.333
4.798
2.709
2.055
2.562
2.694
5.437
3.391
5.217
5.892
2.539
3.301
3.950
1.411
1.322
1.160
1.419
1.467
1.388
0.804
2.922
2.455
1.894
2.068
1.402
2.476
1.686
1.743
1.987
3.197
1.832
2.341
1.862
1.727
2.195
5.177
4.625
1.967
3.984
5.121
2.381
1.471
2.146
2.948
6.224
2.739
3.879
3.452
2.420
3.026
2.068
2.268
3.564
2.107
2.896
4.484
1.808
3.260
3.263
3.449
2.179
2.249
2.599
2.086
5.105
2.115
2.293
3.550
3.463
2.932
1.044
2.082
2.825
3.810
4.103
4.423
4.598
3.124
1.813
3.033
4.198
1.939
3.825
4.759
2.902
3.767
3.776
3.317
2.373
0.756
2.744
1.836
2.775
3.039
2.411
4.142
0.979
0.790
1.182
1.279
2.518
1.518
1.165
1.500
2.119
2.552
3.654
3.048
2.739
1.905
3.293
2.704
4.441
2.334
2.414
3.209
1.827
1.587
1.691
3.418
3.380
5.069
5.803
5.635
4.945
4.060
1.624
1.462
3.556
1.174
2.446
1.772
1.033
2.463
2.300
1.113
1.719
2.285
2.070
3.502
2.196
1.246
2.732
1.821
2.014
1.750
0.940
1.181
2.423
1.455
2.360
2.108
0.987
2.428
1.649
1.438
2.240
2.295
2.346
2.446
2.536
2.148
3.326
1.976
2.205
1.754
1.325
3.209
2.689
3.632
4.177
3.338
1.659
1.640
1.815
2.069
2.287
3.682
3.972
4.124
2.874
1.962
1.692
1.742
2.109
1.850
1.508
1.388
1.585
0.996
1.112
2.431
2.486
1.028
2.434
2.177
3.100
1.296
3.424
5.625
1.244
2.178
3.902
3.982
1.823
2.271
2.474
1.584
1.732
2.930
2.894
1.939
1.572
0.795
1.255
1.569
1.846
1.081
1.889
1.546
2.019
3.878
4.927
5.855
6.206
1.653
1.644
1.871
1.473
2.411
2.845
2.382
2.497
4.440
4.140
1.832
1.878
2.849
3.974
2.669
1.725
1.653
1.794
2.627
2.977
2.146
1.850
1.185
2.035
2.730
1.492
3.197
3.524
1.888
1.941
1.536
2.106
1.623
1.131
1.587
1.959
1.466
1.185
1.623
2.721
3.027
2.170
0.811
1.597
2.273
2.528
2.627
1.408
1.620
1.559
3.058
3.524
4.282
5.678
5.676
4.854
4.422
5.171
4.730
6.674
3.508
2.219
1.651
2.567
2.820
2.376
2.064
3.332
1.372
0.652
2.081
2.785
1.890
2.446
2.990
4.883
5.414
3.711
3.271
2.775
2.137
3.001
5.639
4.581
6.575
3.627
1.305
3.179
3.145
3.486
1.871
2.691
1.589
3.307
4.034
2.773
3.159
4.741
7.077
4.693
4.593
3.098
4.805
3.952
4.579
5.946
3.677
3.482
2.315
2.733
2.688
1.589
3.280
4.035
3.827
3.825
2.849
2.178
1.313
2.139
1.538
2.771
1.828
2.266
1.716
1.799
1.416
2.908
2.733
2.905
2.232
1.222
1.351
4.203
4.957
3.492
2.550
3.344
5.215
2.491
3.403
2.588
3.257
3.334
2.345
1.047
0.696
4.376
6.330
4.023
2.610
5.320
6.634
5.274
4.548
2.588
5.071
5.649
4.210
4.948
4.388
3.630
2.426
4.230
4.242
3.110
3.238
3.319
4.181
3.834
3.847
1.582
2.880
3.916
2.210
2.832
1.887
2.110
6.117
3.543
3.508
5.355
2.429
4.048
2.140
4.279
3.399
3.977
1.695
3.129
2.531
2.541
4.020
3.393
3.969
3.312
4.263
4.180
5.638
3.591
3.402
3.090
5.810
3.024
2.997
1.832
3.457
3.948
2.564
1.464
1.439
3.015
3.372
1.775
2.708
4.532
4.197
2.710
1.507
1.948
4.049
5.449
2.025
1.461
2.686
2.677
1.984
2.759
3.050
3.276
4.229
6.301
5.235
3.444
3.212
3.391
2.042
3.513
1.632
2.813
2.947
3.166
1.385
2.307
2.605
2.671
2.893
1.969
2.143
3.099
4.553
1.305
4.226
1.126
1.523
1.172
3.195
2.811
1.805
2.682
2.168
2.981
3.839
4.085
4.774
3.240
1.232
2.873
4.038
3.927
3.426
1.798
5.671
1.570
3.518
4.481
1.476
3.668
3.687
2.898
1.752
3.058
2.446
1.586
1.722
2.369
4.275
3.857
4.452
5.638
3.862
1.834
1.629
3.040
2.645
2.751
2.302
1.641
1.054
2.309
2.104
1.887
1.924
2.061
2.654
1.542
2.190
1.496
1.724
2.322
3.197
2.533
1.245
5.001
3.894
1.544
1.457
2.935
4.031
5.832
1.359
3.831
1.126
2.487
2.003
1.842
2.217
1.833
3.006
3.348
2.239
4.223
1.750
1.568
1.964
1.091
1.635
2.111
3.069
1.553
1.824
1.664
1.425
1.471
1.258
1.320
1.653
1.962
1.304
2.270
2.146
2.033
2.225
2.530
1.565
1.585
3.632
0.937
2.515
2.753
1.723
2.635
1.916
3.643
2.443
1.952
1.874
1.580
1.773
2.513
1.709
1.979
2.354
4.163
3.760
1.960
2.378
3.268
1.720
1.347
1.166
1.124
1.026
1.383
2.175
1.594
1.459
2.259
1.427
2.607
2.912
1.455
1.489
2.639
2.666
2.485
1.769
1.721
2.043
2.664
6.071
6.875
4.774
4.070
4.193
3.594
3.884
2.204
2.722
6.056
3.648
3.015
3.046
1.048
1.826
1.517
1.984
2.391
1.273
1.981
2.037
3.695
3.655
2.695
2.451
2.577
3.087
2.339
1.398
3.190
2.669
1.799
2.368
4.134
2.125
2.816
3.006
1.540
2.108
3.731
2.118
1.999
2.331
2.585
3.046
1.917
2.196
2.449
7.793
6.872
2.453
2.503
2.543
3.104
1.563
2.562
2.100
3.603
3.663
2.657
3.663
3.177
2.001
1.630
2.102
2.325
2.549
1.116
3.389
3.049
5.673
6.815
3.895
7.171
4.747
2.611
2.395
1.486
3.345
3.297
1.766
1.560
5.422
1.904
2.777
2.580
1.275
1.870
2.200
2.082
1.959
1.474
2.519
3.055
3.158
2.044
2.914
3.189
2.543
0.996
1.672
3.195
2.000
1.563
1.258
1.093
2.457
1.950
3.960
3.098
3.257
3.535
2.156
2.833
3.271
3.682
4.830
4.185
4.327
2.070
2.797
3.265
3.222
2.594
0.877
1.333
1.643
3.904
5.310
2.867
4.757
4.506
3.203
5.114
2.185
0.957
3.215
3.856
3.857
6.189
1.743
2.030
2.294
3.256
4.970
3.100
2.438
3.057
2.906
2.512
2.163
2.612
3.485
3.841
3.572
3.121
1.859
2.083
2.933
4.031
2.926
1.557
1.795
3.987
5.294
5.672
1.408
2.079
3.625
5.787
2.490
3.508
1.106
4.841
4.382
4.924
1.332
2.127
2.199
2.172
3.292
3.078
1.747
1.750
2.611
1.502
1.732
2.220
3.118
2.873
1.940
2.510
0.975
2.922
1.768
2.001
2.167
1.696
0.997
2.418
2.595
1.842
2.402
1.291
2.815
3.719
2.559
2.153
1.354
2.260
2.761
4.338
1.979
2.042
1.191
4.832
5.898
4.968
4.277
4.093
4.060
3.557
2.980
2.367
1.554
2.178
2.044
1.180
1.410
1.408
2.375
4.778
4.125
4.698
4.206
3.222
1.281
1.867
1.211
3.176
5.546
6.934
5.877
3.772
1.877
1.693
3.245
1.826
4.174
2.873
2.778
4.949
4.641
3.679
2.787
2.544
2.466
2.638
2.038
2.332
2.311
1.918
1.257
1.689
2.078
2.140
2.712
3.281
2.792
2.277
1.402
1.712
1.506
1.505
1.008
3.200
1.028
2.225
2.007
3.759
1.499
1.661
2.232
2.897
2.799
4.849
4.115
3.027
2.873
2.460
2.030
3.147
1.174
1.497
1.489
3.103
0.865
2.673
3.956
2.893
1.479
0.713
1.415
1.478
2.218
1.373
3.243
5.430
1.446
2.030
1.131
1.027
1.177
1.379
1.394
3.340
2.005
1.940
2.383
2.541
3.681
2.393
4.002
5.203
2.947
1.072
1.160
2.937
0.848
1.719
4.566
4.399
2.156
2.709
2.115
1.577
3.186
1.718
2.199
1.388
2.270
2.531
2.937
1.252
1.228
1.906
3.186
4.424
3.959
3.679
2.610
2.654
2.522
1.175
1.018
2.117
4.708
6.496
2.233
1.861
1.871
2.562
2.692
2.828
3.507
1.945
1.563
1.938
1.349
1.992
3.451
2.781
2.784
3.133
2.676
3.026
3.611
2.738
6.154
4.465
1.961
1.864
3.958
6.497
7.271
4.681
2.222
1.610
1.836
1.784
1.884
3.585
2.558
4.460
3.703
3.006
4.394
3.372
5.405
5.438
2.934
2.225
2.099
1.973
3.959
4.238
1.885
3.252
2.679
2.411
4.391
3.897
2.766
2.838
3.229
3.710
1.745
1.871
2.753
4.893
6.322
4.053
3.922
5.486
5.695
4.480
4.237
4.033
3.801
4.468
2.606
4.139
3.136
6.341
4.073
4.394
5.942
5.276
2.779
5.313
4.678
2.041
1.604
1.635
1.212
1.659
1.634
3.001
2.060
1.954
2.458
4.095
3.811
3.424
3.761
1.877
2.296
1.791
2.055
1.495
2.346
1.796
1.743
1.182
2.425
2.733
3.142
2.657
2.426
2.778
1.539
1.048
1.426
2.196
2.629
2.477
1.849
1.570
2.420
2.169
1.556
1.873
1.739
1.966
1.835
1.062
0.951
1.201
1.706
1.559
1.494
3.176
2.842
2.610
1.776
1.671
1.345
1.947
1.898
2.833
2.605
4.228
1.659
2.137
1.622
1.660
1.564
2.498
1.734
1.887
2.783
1.656
1.473
1.181
1.130
1.445
4.649
4.524
2.638
3.464
3.554
1.532
3.484
3.141
2.640
1.909
1.136
1.455
1.047
1.056
0.897
1.919
1.476
1.600
1.145
1.205
1.638
1.387
1.035
2.529
2.755
2.146
1.826
2.960
3.335
2.847
1.770
2.950
3.610
2.479
1.484
1.026
0.895
1.045
1.495
2.365
2.544
3.138
2.797
1.389
1.630
2.276
1.406
1.707
2.345
2.209
1.628
2.162
2.816
3.179
1.482
1.963
1.345
2.388
1.283
1.924
1.365
1.243
2.114
2.113
4.009
3.075
1.752
1.901
2.092
1.051
1.125
1.483
1.432
1.954
1.719
2.616
2.448
2.799
1.305
2.768
1.894
2.134
2.208
1.878
2.936
3.171
3.037
2.413
1.724
2.480
1.338
1.730
1.353
1.478
2.319
0.695
2.043
2.462
2.244
2.718
0.863
1.156
2.411
1.618
2.906
2.726
3.043
1.813
2.665
2.626
2.944
3.306
2.645
2.403
1.060
2.192
1.046
2.992
3.039
2.616
1.980
0.965
2.511
3.841
1.761
2.083
2.134
3.401
1.462
3.092
2.738
2.087
1.368
2.540
3.236
1.851
0.808
1.141
1.868
2.545
2.277
2.110
1.168
0.944
1.433
1.846
0.785
2.429
1.792
1.618
2.571
2.135
0.845
1.051
0.886
1.706
1.907
0.957
1.424
1.877
1.187
0.906
1.377
2.229
3.280
2.245
2.832
4.306
2.890
1.358
1.022
0.940
1.776
1.666
0.698
2.381
3.184
2.322
1.445
1.815
1.823
1.703
2.213
2.588
0.822
1.148
0.987
0.769
1.340
1.626
3.174
3.691
2.791
1.004
1.597
0.751
1.692
1.191
0.736
1.270
1.187
1.195
1.587
1.177
1.169
0.957
1.451
0.897
2.216
3.155
2.066
2.923
2.615
2.034
2.102
2.882
2.259
0.769
0.679
0.987
1.386
3.237
3.367
1.531
1.076
2.109
4.028
4.417
1.693
3.298
1.294
0.769
1.168
2.118
2.093
2.346
3.891
4.521
4.359
3.663
3.853
3.918
2.029
0.909
2.018
1.274
1.859
1.586
1.393
1.966
0.917
1.111
1.402
1.059
1.575
1.702
1.391
1.223
1.626
2.017
1.641
1.969
2.194
1.272
2.141
3.322
1.883
2.212
2.973
1.333
2.156
2.292
3.032
1.756
2.247
3.192
2.976
3.226
1.655
4.312
2.523
1.071
1.950
1.773
2.594
3.236
2.274
3.316
2.736
1.930
0.879
1.802
2.411
2.420
1.622
1.847
3.067
2.562
2.601
2.729
5.431
2.803
2.846
3.356
3.292
2.089
1.873
3.525
3.291
2.540
1.502
2.505
1.764
2.080
2.208
2.380
2.613
2.172
2.439
1.945
1.542
1.137
1.370
1.873
1.334
2.079
1.605
1.507
3.043
3.853
2.180
3.114
3.008
1.263
3.549
3.094
2.616
2.441
2.681
2.550
3.784
4.240
2.875
1.247
2.309
2.564
1.343
1.042
2.246
2.174
2.578
3.383
3.240
3.038
2.272
1.003
1.278
1.233
1.366
2.476
1.731
0.847
2.386
2.142
2.261
4.017
3.882
2.872
1.942
1.408
2.052
3.150
3.812
1.491
1.806
2.177
2.647
1.468
1.045
1.445
1.674
1.896
1.165
2.445
3.441
2.677
2.927
1.956
3.104
3.020
2.244
0.954
1.698
3.519
1.700
3.629
2.889
1.837
1.403
2.052
2.087
3.463
1.809
1.631
2.202
1.357
2.353
2.364
2.339
2.245
3.097
4.067
2.786
3.741
5.033
3.540
3.261
3.119
0.915
1.441
2.781
1.954
1.269
2.347
1.090
0.899
1.071
2.549
3.962
2.891
1.846
3.920
2.258
2.673
2.765
3.926
3.969
2.525
3.345
2.929
2.461
1.811
1.574
2.694
2.576
1.550
0.904
2.440
1.189
3.021
2.294
2.328
2.006
3.192
2.501
1.476
1.093
1.247
1.696
1.666
1.194
2.019
2.237
1.144
1.848
2.123
2.472
1.404
1.882
1.347
1.279
1.934
2.349
1.263
1.327
2.347
2.800
2.979
4.359
1.401
1.671
2.807
3.066
1.129
2.617
0.822
0.984
1.084
1.746
2.068
1.993
2.660
2.150
2.288
1.382
2.071
0.734
2.860
3.331
2.025
1.846
2.474
2.406
1.044
2.568
0.982
1.620
1.157
1.954
1.393
0.877
2.054
3.496
3.242
1.792
1.368
2.119
2.284
2.381
1.232
1.065
0.939
1.320
1.840
1.007
1.017
1.051
1.261
1.323
1.464
2.230
3.270
2.128
2.790
1.734
1.590
1.112
2.133
3.091
2.181
1.354
1.472
1.217
1.742
2.236
1.663
0.880
2.275
1.640
2.078
2.711
4.129
3.034
2.479
0.993
1.036
1.361
2.463
2.090
2.300
1.437
2.672
3.358
3.765
4.968
2.347
1.838
2.385
1.662
0.968
1.358
1.034
2.134
1.938
1.330
2.220
1.073
1.834
1.538
1.662
1.641
2.340
3.570
3.093
1.916
3.555
3.962
3.550
1.858
1.389
0.615
0.982
0.777
1.181
2.846
3.332
4.053
3.093
1.610
3.884
2.174
2.721
4.055
3.680
2.648
1.908
1.806
1.627
1.998
4.527
2.659
0.805
1.086
1.753
1.072
1.490
2.475
1.705
1.633
1.005
1.751
1.139
1.475
2.160
1.692
3.784
4.544
2.277
2.498
2.613
1.148
2.044
1.988
1.904
1.200
1.895
2.403
3.619
2.115
1.466
2.301
1.820
3.243
4.504
2.355
1.237
1.282
1.548
1.660
2.053
1.999
1.855
2.287
2.693
4.011
1.755
2.690
2.185
2.413
1.805
2.522
3.089
1.784
1.999
3.383
3.851
3.834
3.009
2.571
1.672
2.026
2.163
1.226
1.387
1.788
2.174
3.162
3.693
1.929
3.599
4.373
1.907
2.143
2.199
2.342
3.076
1.549
1.273
2.289
1.596
2.094
2.190
2.263
3.996
3.534
2.034
2.145
1.818
2.259
1.692
2.140
1.649
3.557
1.275
2.976
0.868
1.617
2.062
0.909
1.210
2.248
2.734
1.606
1.434
1.415
1.530
2.798
1.254
1.438
2.506
1.248
0.963
1.270
2.894
4.718
4.672
3.118
2.289
1.424
0.928
1.168
1.853
1.646
4.571
3.598
2.225
4.615
3.241
1.734
2.809
2.454
1.554
2.617
3.045
2.308
2.092
1.020
3.495
1.034
2.104
3.142
1.810
2.036
1.715
2.447
1.980
1.596
2.381
2.217
1.995
1.164
3.596
2.047
0.822
0.780
0.989
0.921
1.143
1.015
1.971
2.511
2.455
1.867
0.900
2.091
1.550
3.208
4.239
3.184
3.945
4.269
3.682
1.237
2.077
1.073
1.474
1.243
1.002
0.849
2.057
2.469
2.781
2.684
2.117
2.281
4.316
4.472
3.777
4.187
3.883
2.456
2.073
1.895
2.999
3.381
2.766
1.973
1.455
2.630
1.783
2.703
2.619
3.186
3.747
2.984
2.323
1.067
1.090
0.728
1.810
3.460
2.214
2.502
2.552
0.952
1.442
0.929
1.486
2.379
2.225
3.561
3.783
1.784
0.747
1.615
3.617
3.194
2.832
1.863
2.116
1.547
2.599
1.239
1.908
2.321
1.973
2.381
2.042
1.020
1.101
1.103
1.407
2.520
2.048
1.970
2.159
2.551
1.195
1.111
1.415
1.309
1.112
0.969
1.214
0.796
1.059
1.329
1.089
2.243
3.486
3.631
2.547
1.956
1.379
2.273
1.477
0.882
2.081
2.162
4.153
4.305
1.890
2.959
1.477
1.542
1.516
2.634
0.942
1.075
1.127
1.593
2.043
3.495
1.236
0.951
1.234
0.965
2.085
1.481
1.053
2.584
1.444
0.910
1.712
2.326
2.716
2.523
0.790
1.068
1.803
2.293
3.431
2.067
2.338
1.927
1.574
2.383
1.481
1.867
1.530
2.740
2.041
2.640
1.956
2.915
2.215
2.188
1.226
0.826
1.486
1.398
1.398
2.377
1.571
2.037
1.632
2.165
2.041
1.708
0.853
1.268
1.283
0.824
2.882
2.654
3.486
2.732
2.185
2.298
2.468
1.987
1.734
2.896
3.208
2.579
3.511
3.914
1.938
2.914
1.999
3.400
3.590
1.881
1.946
1.575
1.817
3.449
2.264
3.286
1.726
1.756
1.276
2.810
2.447
2.647
4.343
1.216
2.018
2.028
1.908
1.370
2.804
3.547
3.072
1.085
2.984
2.100
3.464
3.649
3.886
3.727
1.815
1.894
1.825
2.109
2.029
1.420
1.619
1.773
2.155
3.243
2.901
1.643
2.366
1.425
1.017
1.544
1.844
1.933
1.575
1.684
2.828
2.270
3.756
2.680
2.452
3.069
2.739
5.291
5.678
3.197
2.655
4.584
2.232
1.515
1.890
