19910101
2.763
3.657
3.771
2.958
2.560
3.519
3.871
2.088
5.107
5.965
3.202
1.917
3.164
3.329
3.118
5.116
3.588
2.715
2.247
1.131
1.272
1.941
1.830
1.904
1.670
1.474
1.894
1.950
1.354
1.519
2.006
1.788
2.314
1.760
1.757
2.282
1.768
3.064
3.789
4.232
4.261
1.585
2.236
2.568
2.597
2.533
4.075
2.427
2.238
2.439
3.048
1.946
1.942
1.961
1.839
1.968
1.716
2.153
3.128
4.146
2.701
1.938
4.022
4.422
5.501
7.222
7.732
3.453
1.506
1.202
1.047
1.206
1.886
2.358
2.161
2.549
2.845
1.961
2.320
4.392
4.278
1.973
3.460
2.098
0.942
2.447
2.875
3.255
1.931
1.949
1.730
1.427
1.917
2.724
2.491
2.557
2.243
2.659
1.879
1.595
2.207
2.560
2.186
2.274
1.237
2.448
3.622
3.993
2.875
2.617
2.578
1.627
2.853
2.331
2.471
4.047
2.434
1.317
1.843
1.758
2.009
2.243
3.076
3.364
1.276
2.019
2.242
1.727
1.790
2.878
2.139
3.369
1.204
1.372
2.712
3.050
4.135
4.579
3.016
1.963
1.811
1.910
2.839
3.564
2.261
3.005
2.343
1.037
1.370
1.581
1.337
2.473
1.900
2.923
1.900
1.548
3.804
3.088
2.491
1.428
1.755
1.659
2.940
2.278
1.537
2.063
3.152
1.837
2.441
1.819
2.001
2.456
2.016
1.657
2.644
2.088
2.195
1.951
3.512
2.968
1.857
1.871
2.598
2.850
2.625
2.378
2.594
2.332
2.024
1.596
1.878
2.812
1.386
1.380
2.952
2.808
2.108
1.731
2.298
2.292
2.111
2.423
1.890
3.052
2.190
2.250
2.144
2.443
1.722
2.078
2.315
2.251
3.226
3.294
2.446
1.572
1.553
2.045
2.634
2.689
1.991
1.431
1.391
1.953
2.198
2.083
2.256
2.281
2.130
2.857
2.382
1.291
2.106
2.732
2.727
1.978
1.741
1.869
2.084
2.781
2.302
2.361
2.901
2.613
2.209
2.484
2.196
2.560
2.626
1.904
1.905
2.387
2.409
2.545
1.617
1.430
1.778
1.878
1.667
2.319
2.713
1.731
2.142
1.958
3.237
2.561
2.028
3.442
6.008
1.968
4.201
6.754
3.731
1.298
3.730
1.448
1.991
2.889
3.101
3.032
2.313
1.792
2.296
4.657
3.711
3.597
4.148
2.135
1.957
3.520
3.078
2.533
3.446
2.273
1.924
2.015
1.352
1.351
1.922
3.821
1.574
1.127
1.673
2.056
3.576
2.923
3.850
4.101
2.287
2.668
2.715
2.211
3.041
2.450
4.315
3.855
7.084
2.889
4.410
2.485
3.516
2.422
3.588
1.881
2.271
1.562
1.055
1.768
1.866
2.623
2.658
2.253
2.556
4.542
3.332
3.868
1.319
0.545
2.508
3.523
3.237
1.928
2.413
2.751
4.229
2.402
2.002
1.716
2.260
1.520
2.251
4.830
4.134
4.196
4.358
5.434
3.305
4.596
5.071
3.347
6.211
3.743
1.214
0.829
0.777
2.076
2.710
2.361
2.080
2.620
2.297
3.708
4.219
5.966
3.316
3.873
1.890
1.026
1.447
1.231
1.780
1.542
1.233
1.898
2.318
2.652
3.497
4.999
3.584
1.944
1.305
2.199
2.426
2.666
0.939
1.318
0.984
2.433
3.776
4.158
4.603
3.005
1.573
2.681
3.961
3.077
3.081
2.380
3.691
2.639
3.551
3.328
4.721
2.787
1.163
1.281
1.938
1.384
2.208
2.845
4.120
2.904
3.270
1.734
2.897
4.298
3.285
2.371
2.223
4.040
2.277
2.264
2.217
1.398
2.937
2.525
2.942
4.503
4.591
4.464
3.651
1.673
1.716
2.014
2.505
3.255
3.703
2.260
2.074
1.939
2.599
2.125
3.022
3.263
3.605
7.035
1.457
1.954
4.146
3.446
2.799
2.300
1.472
2.554
2.917
2.703
2.712
1.821
2.579
2.489
4.763
3.486
3.465
2.700
3.125
3.281
1.558
3.258
2.602
2.002
3.085
1.698
2.430
4.099
3.115
2.715
4.382
3.971
1.992
2.150
1.540
1.486
1.955
2.650
2.466
2.279
3.258
1.683
1.985
3.367
2.836
1.379
1.652
1.491
2.273
3.604
3.863
2.898
3.531
3.483
2.084
1.748
2.167
2.725
2.823
3.140
3.590
2.749
4.694
1.672
1.670
3.929
2.174
2.202
2.243
1.589
0.999
2.086
1.524
1.645
1.387
2.963
2.312
1.795
2.049
1.411
2.874
2.305
4.029
5.238
2.133
2.318
3.045
2.859
2.925
2.331
3.414
1.970
1.767
1.103
2.110
1.865
1.057
2.089
1.787
2.279
2.224
1.989
1.813
2.294
2.336
2.210
1.985
2.470
2.630
2.717
3.054
2.818
1.861
1.914
2.706
1.378
1.516
2.586
2.668
1.656
2.385
3.033
1.827
2.373
2.252
2.011
1.476
2.245
1.317
3.186
3.936
3.289
0.839
1.173
1.656
2.161
2.446
2.009
2.001
1.952
2.637
2.443
1.275
1.977
2.619
1.728
2.136
2.847
2.097
4.153
5.130
3.231
5.246
3.751
2.454
2.785
3.157
3.995
1.909
2.396
1.324
1.098
3.696
2.444
1.942
2.497
2.803
1.426
1.879
2.284
2.148
1.911
1.333
2.663
5.159
2.815
1.148
3.262
4.195
4.630
3.432
2.872
1.698
1.073
1.216
2.766
3.666
4.525
3.438
1.474
1.572
2.570
1.774
1.803
2.590
1.601
2.041
1.689
1.684
2.190
2.718
4.430
3.200
2.674
2.333
2.122
3.674
4.838
4.081
3.335
5.144
2.306
1.682
1.769
3.101
3.374
2.732
2.647
1.726
2.225
2.593
1.885
3.517
3.650
4.578
3.660
2.493
2.532
4.854
2.310
2.076
2.760
3.695
3.226
2.597
4.608
2.980
3.578
3.914
4.722
2.373
3.631
2.303
3.534
3.961
6.272
3.770
5.780
3.928
3.789
4.697
2.349
2.277
1.660
1.627
4.216
2.926
2.567
5.039
4.630
2.047
4.839
3.511
2.210
1.717
1.557
2.946
1.859
2.613
3.510
1.694
2.660
2.377
2.619
1.185
1.296
1.846
2.942
4.325
3.588
2.298
2.631
2.067
2.168
3.527
6.067
5.140
4.165
2.994
5.054
2.938
3.382
1.225
2.592
2.496
2.768
3.951
3.862
4.705
5.389
3.833
4.887
2.548
2.232
2.105
2.794
3.943
1.571
3.340
4.704
2.768
1.813
2.041
3.595
3.184
2.845
2.299
3.491
1.976
1.141
1.240
2.046
3.137
2.178
4.978
5.238
5.845
4.845
3.294
2.682
1.752
1.558
2.677
3.432
4.333
3.980
2.613
3.462
2.586
3.544
4.618
2.835
2.261
1.849
2.086
2.357
3.274
2.497
1.885
2.378
3.013
2.857
1.932
3.958
3.899
2.012
2.687
2.603
4.145
3.783
3.509
3.612
2.054
2.794
2.286
3.956
2.886
2.392
2.236
1.485
3.512
3.620
2.317
1.698
1.190
2.410
1.556
1.885
1.346
2.433
1.983
1.899
2.251
3.043
2.145
3.590
2.806
2.404
5.815
6.769
5.364
4.037
4.968
3.853
4.410
2.996
2.084
1.576
1.653
1.703
1.381
2.011
3.436
3.362
3.492
4.221
3.542
2.748
1.977
0.822
1.920
3.107
4.348
3.683
4.270
2.534
1.221
1.546
2.193
1.920
2.062
5.178
3.095
3.329
3.614
1.146
1.542
2.994
2.050
1.466
2.178
2.198
2.792
2.168
4.286
5.207
4.227
1.891
1.725
1.817
2.145
2.287
3.129
2.081
2.527
3.644
2.911
1.805
1.840
2.061
2.030
2.918
3.017
2.739
2.548
2.681
2.615
2.040
1.359
1.687
3.385
3.782
3.190
1.992
2.389
4.213
2.960
2.303
2.549
2.339
3.222
2.903
2.758
2.245
1.852
2.041
2.308
2.316
2.660
2.483
3.741
1.485
1.735
3.215
2.119
4.311
2.880
1.790
2.741
1.677
3.073
2.702
2.638
1.309
1.878
2.301
2.518
1.985
2.390
1.853
3.371
2.830
1.953
1.198
1.434
2.392
1.949
2.012
4.289
2.063
1.185
1.509
1.859
1.575
3.411
2.552
2.618
2.724
1.397
1.872
2.882
2.999
3.103
1.978
3.104
4.072
4.304
2.140
1.414
2.148
5.865
3.221
3.049
2.641
1.022
1.285
2.259
2.522
2.427
5.841
5.420
5.671
2.388
2.374
1.212
2.565
2.134
3.036
6.836
4.481
1.933
1.473
4.600
6.139
4.143
5.738
2.293
3.661
4.483
6.701
5.226
5.001
2.172
3.109
3.212
1.537
0.963
0.922
2.806
2.767
1.476
1.428
1.614
1.550
1.733
3.232
4.357
3.607
4.349
3.871
4.608
2.573
2.996
3.299
1.862
2.829
1.753
1.436
1.429
2.358
2.502
2.161
4.480
4.470
3.729
2.099
2.269
1.923
1.349
2.912
2.594
3.505
3.731
1.514
2.305
1.204
1.773
1.765
2.634
2.149
1.678
2.463
3.172
1.554
2.017
2.476
3.851
5.335
3.402
4.956
3.832
5.366
2.553
2.571
3.376
4.683
2.646
5.027
5.524
4.536
4.572
4.085
4.647
2.267
2.982
2.068
1.776
2.790
3.460
5.184
4.331
3.870
3.568
2.747
4.879
8.795
7.183
3.331
2.815
4.987
2.931
2.561
3.134
1.835
2.734
2.546
1.997
1.378
3.015
1.915
1.482
1.385
2.947
3.096
3.779
6.123
3.685
6.973
4.303
2.909
2.976
2.878
2.967
4.726
6.283
5.882
2.721
1.141
2.305
2.051
3.108
2.718
2.558
2.763
4.025
3.930
2.463
2.188
1.904
1.214
2.982
2.282
2.645
3.830
2.191
2.353
5.487
6.184
5.089
2.722
2.080
2.206
4.370
3.796
2.309
2.034
2.216
2.851
2.321
4.115
3.109
2.682
3.815
3.252
3.427
4.567
3.121
3.859
3.534
2.206
1.813
2.841
4.557
3.526
3.765
2.287
2.666
1.686
3.623
3.706
5.283
2.895
2.765
4.356
2.547
2.677
2.156
2.905
3.573
2.186
2.551
4.184
5.315
1.968
2.297
2.349
2.919
2.632
1.432
1.560
1.784
1.333
3.005
3.109
2.822
1.986
0.662
0.984
1.779
2.484
2.823
1.669
1.832
2.566
2.492
1.795
2.595
2.573
3.083
2.134
2.231
2.463
2.540
5.820
2.380
3.797
3.854
3.953
3.882
1.774
3.561
2.539
3.550
2.375
1.674
2.844
2.551
2.170
2.020
1.775
1.290
2.586
5.601
1.263
1.925
4.589
3.056
1.736
2.325
3.278
2.204
3.133
3.308
2.851
2.191
2.661
3.341
3.348
3.230
1.906
2.288
1.950
1.929
2.266
1.875
3.466
3.656
3.822
2.735
2.060
1.813
2.483
3.233
2.667
2.406
2.251
1.156
2.207
2.164
2.480
1.816
2.863
2.319
2.321
2.483
2.663
2.262
3.028
2.706
1.341
1.234
1.766
1.601
2.374
2.094
2.210
2.053
2.082
1.821
2.029
2.266
2.246
1.647
1.537
1.722
1.957
2.187
1.553
1.937
2.342
2.455
5.467
2.009
2.621
2.312
2.055
2.041
2.821
3.077
3.364
3.229
3.065
2.594
2.413
2.971
2.608
3.302
2.438
1.848
2.558
1.299
1.551
3.426
2.408
1.975
2.393
1.854
1.709
1.774
3.449
5.013
1.920
2.423
2.183
3.278
1.823
5.324
2.233
1.629
3.151
1.448
1.475
2.575
2.623
4.371
5.125
5.163
2.340
2.098
1.426
1.211
1.713
2.312
2.208
1.890
2.435
2.863
2.545
2.598
2.500
1.571
2.568
2.126
2.087
1.617
1.720
2.673
2.272
1.651
1.527
1.667
5.269
6.080
3.548
3.675
3.267
1.560
2.416
2.286
2.716
3.139
1.518
3.587
3.655
2.226
2.034
4.288
5.814
7.941
4.644
1.980
2.521
3.130
3.334
3.285
1.467
1.972
2.549
3.674
2.343
1.779
2.959
2.079
2.643
2.344
2.189
2.887
2.141
2.422
1.741
1.227
1.160
0.895
0.727
2.369
4.341
3.838
3.020
3.051
2.393
4.473
2.875
3.239
2.877
3.213
3.188
3.312
3.527
2.429
2.541
1.663
3.661
1.922
2.123
3.167
3.108
2.562
2.015
1.267
2.088
3.913
3.609
4.501
4.000
3.630
3.346
3.475
3.649
2.613
1.914
2.559
2.110
1.307
2.386
5.281
5.488
4.909
3.782
1.352
1.266
3.684
5.244
6.427
3.097
5.236
2.451
6.542
5.458
4.105
5.362
5.735
5.575
5.028
3.861
3.863
2.348
3.940
3.065
1.472
2.013
3.237
2.709
3.613
2.948
2.937
2.899
2.890
3.532
5.582
3.088
4.566
2.905
3.794
3.128
2.317
3.413
3.536
2.784
2.959
4.443
3.096
3.443
2.916
2.605
4.213
2.166
3.290
3.968
3.289
2.904
2.160
4.559
1.852
2.839
2.862
1.518
2.314
1.613
2.363
2.507
4.508
3.659
3.477
4.606
4.570
3.159
1.965
2.252
3.283
3.494
4.375
4.737
6.199
4.448
2.270
4.204
3.606
3.418
3.037
2.456
2.470
2.439
4.633
4.084
2.086
2.626
2.914
3.253
3.220
2.601
2.148
3.309
2.813
4.472
1.638
4.957
6.393
4.972
4.554
3.723
2.279
1.726
1.456
2.922
2.362
1.777
2.645
2.784
1.447
2.248
1.853
2.137
2.516
2.860
1.469
1.886
3.205
3.725
3.596
1.836
3.954
2.689
3.700
2.864
3.339
2.606
1.590
2.589
2.767
2.685
2.463
2.534
2.060
3.022
1.131
1.188
2.937
1.925
2.620
2.486
2.140
2.302
1.911
2.134
2.109
1.420
1.638
1.684
1.414
2.031
1.582
1.160
1.794
2.340
1.864
1.593
2.156
2.474
2.506
2.650
2.011
1.685
2.385
1.861
2.114
3.384
2.161
2.676
3.300
2.330
2.364
2.135
2.612
2.164
2.911
2.375
2.324
1.772
1.392
1.906
1.810
2.133
1.348
2.217
2.296
2.180
2.020
2.212
1.997
2.203
2.259
2.633
2.544
1.997
2.042
1.397
2.584
2.446
1.955
2.203
2.676
2.270
2.401
1.405
1.469
1.758
3.424
3.735
1.662
1.648
1.568
2.346
2.239
2.480
2.645
1.559
2.279
2.079
2.089
2.024
2.255
2.479
2.840
2.854
3.907
4.067
2.765
2.532
3.689
2.235
2.185
2.022
2.382
1.695
4.969
1.980
2.171
3.008
2.550
2.419
3.767
2.561
2.190
1.155
1.912
3.709
4.919
2.867
2.237
1.649
1.643
2.803
1.978
1.356
3.023
2.640
2.546
2.209
2.390
1.539
2.399
2.913
3.282
2.470
1.592
1.822
2.078
2.577
2.566
2.430
1.908
1.140
1.242
1.500
1.859
1.716
1.710
1.796
1.471
2.052
2.655
4.237
2.599
1.780
2.057
1.765
2.339
1.731
1.178
2.374
3.651
4.919
5.106
3.855
2.141
2.990
2.320
1.868
4.438
5.906
4.858
3.306
1.228
3.168
4.669
2.672
5.151
3.799
4.284
3.155
2.726
1.197
3.965
5.356
6.279
5.502
2.283
1.151
1.870
1.552
1.974
2.340
2.078
2.022
2.643
4.198
5.261
1.738
1.434
1.287
3.199
3.643
2.391
5.225
5.523
4.613
2.119
1.809
3.554
2.431
5.595
4.864
3.124
2.033
2.581
3.354
1.790
1.942
4.278
3.952
1.484
1.610
1.992
1.309
3.141
6.333
5.274
2.011
6.122
6.911
6.569
6.134
2.927
3.432
1.207
1.643
3.444
2.331
1.768
1.546
2.315
3.524
6.035
3.698
2.279
2.747
1.086
1.184
3.064
2.124
3.853
5.824
5.963
2.435
2.080
2.440
2.014
2.115
3.423
2.756
2.165
1.734
4.840
3.896
2.860
2.058
2.669
5.007
4.282
1.914
2.034
3.066
2.295
1.661
2.234
3.537
4.394
2.605
1.352
1.916
4.237
4.361
3.137
2.075
2.170
1.710
2.679
2.729
2.081
1.643
2.337
2.751
2.358
3.870
4.378
2.286
1.654
2.021
1.906
1.069
2.042
2.209
1.682
2.662
1.047
2.954
3.108
1.889
2.475
2.490
2.559
1.956
2.907
3.379
2.186
1.391
2.505
1.881
1.868
1.598
1.496
2.190
1.836
1.867
2.293
2.682
1.650
2.126
1.756
3.416
4.567
4.061
4.838
6.321
1.911
2.278
2.001
2.945
1.898
1.805
3.223
1.954
5.491
1.984
1.833
2.149
3.733
4.495
2.001
1.772
1.332
1.589
2.887
2.845
2.054
2.047
2.670
3.585
6.382
5.489
2.062
1.313
2.015
2.354
2.186
4.309
3.148
2.629
4.419
2.460
2.302
2.742
2.968
1.544
2.748
1.745
1.844
2.513
2.278
2.514
1.992
1.290
1.555
2.013
2.328
2.400
2.414
1.999
2.478
2.606
2.749
2.125
2.224
3.882
3.159
1.765
2.905
2.978
2.371
1.723
3.248
2.641
1.767
1.891
1.283
1.933
2.954
2.046
2.357
5.401
3.928
2.727
2.330
1.488
2.038
2.095
1.910
2.323
1.570
2.757
2.545
2.974
2.381
2.170
2.736
3.990
3.042
2.327
2.600
1.568
1.927
2.969
2.262
1.941
1.879
2.755
2.784
2.110
2.319
1.997
1.972
1.895
2.243
1.981
2.189
1.248
2.161
1.978
2.126
2.046
1.666
2.801
2.742
1.818
2.534
1.336
1.403
2.133
1.336
1.351
2.133
1.286
1.856
1.659
2.710
2.775
2.134
2.246
2.569
3.401
3.533
2.568
2.070
0.914
1.987
2.594
3.850
4.136
1.775
1.602
1.064
2.521
4.516
1.939
1.853
1.204
3.216
2.320
1.457
1.094
2.061
1.987
2.441
2.868
6.589
3.398
2.253
2.533
2.638
1.933
2.033
2.130
1.888
1.837
1.485
2.077
5.600
6.164
4.306
2.340
2.975
1.725
2.998
2.979
3.894
2.063
1.606
2.121
2.249
1.757
2.036
3.806
4.204
2.767
2.829
3.452
1.954
3.124
3.467
3.819
3.335
4.222
2.407
2.200
4.608
8.771
9.590
4.861
2.827
2.942
4.254
4.054
4.493
3.539
3.081
2.987
2.151
3.150
3.089
4.023
2.313
2.508
2.776
3.682
3.034
3.205
3.769
3.247
5.650
4.250
4.207
3.325
3.703
5.864
4.606
2.951
3.231
4.366
1.568
1.838
2.697
3.394
2.772
4.047
2.784
1.181
2.803
3.543
1.287
2.690
3.203
2.312
2.167
1.285
2.031
2.184
1.997
2.866
4.706
3.337
1.495
1.827
1.962
3.634
3.598
1.383
0.901
1.285
2.638
2.689
3.986
3.672
4.590
2.692
3.892
1.735
2.187
5.596
4.457
1.949
1.039
2.185
2.304
1.555
1.074
1.162
1.710
1.156
1.107
1.436
2.059
3.316
2.304
3.553
1.872
2.130
3.018
2.274
3.760
4.759
3.190
3.990
2.766
2.639
3.429
4.614
4.047
3.012
2.921
4.429
4.257
6.826
4.313
4.988
1.879
2.733
3.393
1.825
2.429
1.841
2.879
1.703
2.058
2.552
1.491
2.181
2.713
2.409
1.695
2.515
3.619
4.636
2.893
3.595
4.073
3.742
2.836
1.340
1.994
2.393
1.655
2.870
4.637
5.946
5.125
2.456
1.448
1.075
2.217
4.616
4.543
5.145
3.347
2.115
1.875
2.011
4.593
3.419
2.403
2.123
4.516
4.774
1.817
1.653
1.781
3.078
3.615
3.906
2.679
1.967
2.510
2.584
2.986
1.683
2.760
2.916
2.105
1.752
2.140
2.368
5.832
5.427
3.058
3.156
2.822
2.476
5.104
3.171
2.448
3.620
2.927
3.068
2.539
2.808
1.572
2.300
1.735
2.506
1.877
1.884
1.900
2.770
3.158
3.041
2.234
3.347
2.838
2.550
2.011
2.335
1.820
4.446
2.372
2.155
2.393
1.301
2.052
2.318
2.092
1.319
2.312
2.174
1.425
2.023
1.709
2.962
2.612
3.871
2.337
2.501
2.714
1.192
3.418
2.954
3.496
5.035
2.205
1.003
4.365
2.227
1.339
2.307
4.198
3.443
2.588
1.935
1.548
1.736
1.528
2.189
2.167
2.534
1.952
2.016
3.161
3.657
2.671
2.734
1.893
1.995
1.900
2.745
2.704
2.331
1.551
1.585
2.126
2.457
2.514
1.954
1.757
2.034
1.585
1.993
1.704
1.683
2.417
2.686
3.099
2.996
2.659
2.060
1.721
1.697
2.060
1.806
1.673
1.803
2.336
2.128
2.176
1.838
2.172
1.641
1.603
3.958
2.978
2.404
1.659
2.524
2.648
1.764
1.016
1.670
2.264
1.669
1.561
2.964
2.425
2.182
2.771
2.992
2.537
2.146
2.301
2.255
1.458
2.051
1.812
1.438
1.384
1.752
2.103
2.151
1.807
1.778
1.953
1.707
2.257
3.394
4.767
2.326
1.968
2.274
3.392
3.490
1.397
3.067
3.612
3.671
4.743
2.847
3.574
2.470
1.665
1.913
2.154
2.198
1.675
1.520
1.271
1.482
2.424
2.068
1.729
2.292
3.161
2.757
3.343
2.192
1.080
1.267
1.605
4.982
6.442
9.439
5.343
2.526
3.589
2.449
4.656
5.625
2.190
2.241
1.533
2.839
2.107
1.979
2.907
2.302
1.296
1.634
1.821
2.628
3.943
3.764
3.545
3.080
1.839
3.292
2.462
3.000
3.721
1.368
0.988
0.980
1.548
2.056
1.128
3.325
3.742
3.811
4.949
2.594
2.292
3.738
8.480
8.136
7.408
3.164
1.767
1.069
1.645
2.432
3.995
2.396
2.085
1.605
1.890
3.451
4.568
4.806
5.377
3.891
5.344
4.501
4.423
2.777
3.231
2.379
2.551
5.072
4.411
5.367
3.608
1.558
3.366
3.097
5.314
5.317
3.276
4.594
2.460
1.769
1.622
2.078
1.551
2.455
1.997
1.598
2.369
1.900
2.027
2.517
2.525
2.250
0.755
0.803
2.594
2.202
2.039
2.075
2.568
2.443
1.673
1.621
1.439
3.716
3.691
1.627
2.840
3.694
5.464
3.548
2.232
1.933
1.971
2.094
2.697
3.620
2.424
2.326
4.067
5.797
5.953
3.378
3.936
3.237
3.812
3.722
2.392
2.423
2.384
3.647
4.805
4.358
3.542
2.108
3.605
4.613
4.456
2.327
3.015
3.121
2.259
2.338
1.799
2.084
2.924
3.748
2.502
2.781
3.268
5.582
4.707
2.124
2.608
5.566
2.367
2.619
6.046
3.751
3.488
3.130
2.952
6.699
3.276
2.734
2.638
2.297
2.206
1.887
2.274
3.069
2.407
1.474
5.098
6.189
2.787
2.837
5.021
3.656
2.802
1.572
3.357
2.552
1.399
1.281
2.520
3.871
2.700
3.874
2.230
2.309
2.266
2.549
2.298
3.333
2.386
2.003
1.884
2.536
2.627
1.487
1.294
1.104
1.555
3.238
5.521
2.338
1.008
3.689
1.950
4.493
2.864
2.017
3.414
4.398
5.069
2.263
1.978
2.825
2.893
3.518
3.010
2.246
1.097
2.609
2.179
2.221
2.046
2.363
2.127
3.055
2.039
1.948
2.067
1.688
2.017
2.332
1.610
1.893
1.704
2.127
1.880
3.144
2.727
2.348
3.023
4.423
3.484
2.751
3.316
2.372
2.561
2.601
2.075
1.369
2.675
2.069
2.891
3.259
4.174
1.373
2.135
1.501
1.806
1.159
2.668
2.568
1.788
1.661
1.376
3.225
2.425
1.543
2.373
2.081
2.016
1.939
2.163
2.476
1.713
2.027
2.481
2.522
1.392
1.985
1.833
1.825
1.636
2.034
1.330
2.240
3.259
2.569
3.197
2.060
2.292
2.956
2.766
1.943
1.595
1.862
2.439
2.157
2.503
1.155
3.112
2.467
2.269
1.903
2.490
3.021
3.131
3.255
2.161
2.881
4.369
3.257
3.334
2.389
1.726
1.875
2.616
1.827
1.263
3.281
3.676
4.763
2.136
1.969
1.700
4.156
1.579
1.166
1.464
1.186
1.532
3.439
1.735
1.534
2.426
2.992
2.380
3.655
3.007
2.279
1.903
1.826
4.595
2.503
2.715
2.467
3.273
1.859
2.553
3.276
5.189
2.902
3.787
6.126
5.165
4.296
2.827
5.087
2.719
4.432
2.297
2.397
2.312
1.740
3.051
2.764
2.583
3.693
2.215
1.636
3.659
3.625
3.310
3.139
1.268
2.032
3.354
3.514
2.355
1.109
1.064
0.579
1.968
2.543
1.588
2.130
1.789
1.993
2.510
3.650
2.762
3.828
4.853
3.912
2.754
2.166
2.071
2.043
2.296
4.147
2.974
2.204
2.523
2.146
2.957
2.820
1.867
3.688
2.192
2.329
2.650
2.011
3.241
4.622
3.581
3.048
5.243
7.125
6.180
4.043
2.753
2.542
3.144
3.836
3.365
2.631
2.172
4.324
3.782
2.641
3.054
3.449
3.410
5.529
5.122
2.593
2.698
4.041
2.218
1.346
3.114
2.254
3.081
2.977
4.146
4.004
5.530
5.732
2.629
0.777
1.629
2.374
3.485
5.486
4.702
4.018
4.310
4.252
3.837
4.015
2.974
2.595
2.498
1.619
4.146
4.440
3.480
3.577
3.529
3.497
5.097
5.547
2.717
1.344
3.070
4.820
1.818
2.650
3.439
4.570
6.613
2.390
2.046
2.961
3.405
5.931
4.715
1.916
3.403
1.464
2.483
1.353
2.197
1.895
1.948
2.868
3.576
1.828
2.749
2.885
2.996
6.614
5.418
3.923
2.661
1.558
1.100
1.723
2.777
2.311
1.773
2.166
1.583
3.606
2.656
3.665
2.068
1.330
2.367
1.927
3.045
4.367
4.067
2.675
2.558
2.363
2.038
1.673
3.977
1.635
1.851
1.914
1.944
3.419
3.495
1.514
3.813
1.985
1.460
1.415
2.747
4.600
2.137
1.228
2.518
2.749
2.116
3.608
1.652
1.806
2.644
2.194
2.288
2.372
4.588
4.278
5.148
2.693
4.054
3.019
1.826
1.924
1.855
1.624
2.387
1.863
1.719
2.063
1.532
2.150
3.179
1.350
2.635
2.436
2.722
2.011
2.830
1.901
3.004
1.995
2.245
1.923
1.036
2.011
1.788
1.865
2.534
2.073
1.708
2.855
3.983
2.126
1.307
2.210
2.601
3.130
2.138
2.210
1.475
1.241
2.312
2.693
3.456
4.276
2.769
2.898
3.088
2.081
1.850
1.666
2.178
2.397
3.255
2.490
1.585
1.860
2.636
2.470
1.935
1.704
2.847
2.866
2.363
2.569
2.954
2.135
2.048
2.118
2.822
1.892
2.622
2.483
2.507
2.286
1.875
2.294
2.258
3.245
2.353
2.287
1.960
2.399
2.685
1.667
2.398
1.276
1.826
2.053
1.424
1.473
2.116
1.839
2.120
1.530
2.691
2.109
1.921
2.006
1.885
1.969
1.810
2.866
2.574
2.844
1.998
1.972
1.820
1.606
1.610
2.573
2.617
1.762
2.374
2.173
2.725
3.083
2.316
1.842
2.114
5.690
5.928
1.783
2.902
2.828
1.505
3.247
2.726
1.471
2.388
2.252
3.942
2.339
4.602
3.759
2.503
2.296
2.005
1.263
2.787
2.503
2.548
1.512
1.567
2.016
1.811
1.785
1.623
1.782
2.028
2.447
4.441
6.590
5.222
4.857
6.238
4.987
2.072
2.183
2.600
2.059
4.769
2.642
4.034
2.860
2.534
2.827
4.204
3.838
2.956
2.751
3.405
2.926
1.975
3.610
3.123
1.639
2.571
2.447
2.525
2.621
3.384
1.469
2.216
2.176
3.763
3.008
1.279
3.576
2.644
4.449
5.246
2.838
3.053
3.192
4.633
3.186
3.976
2.307
3.139
2.672
4.928
2.894
2.852
5.047
4.057
4.854
2.548
2.865
2.777
3.882
3.483
4.145
2.136
2.445
3.349
2.943
6.218
5.610
4.925
5.447
3.349
2.382
1.522
2.211
2.599
2.328
2.390
2.216
2.849
1.934
2.201
2.173
1.304
1.272
1.079
3.053
3.450
1.745
1.289
4.103
8.127
4.786
2.313
4.944
2.637
3.409
2.446
1.579
1.557
1.884
2.438
4.388
5.813
4.246
3.803
2.254
4.071
1.874
2.499
4.031
2.193
3.708
5.269
3.080
2.221
2.262
3.026
2.587
3.033
3.910
3.421
3.288
3.474
4.011
2.247
1.219
1.892
2.311
3.352
1.183
2.074
6.100
4.764
3.822
3.821
3.847
4.118
3.470
2.139
2.470
3.567
4.466
4.022
3.809
1.505
1.136
2.539
4.437
5.502
5.743
4.239
3.715
1.576
1.474
2.928
3.309
2.803
1.638
2.181
2.923
1.749
3.753
3.918
2.299
2.386
3.384
6.641
4.985
2.349
3.506
2.132
1.482
4.239
2.875
3.428
2.811
2.897
4.780
3.805
5.057
4.374
2.255
1.746
2.063
3.181
5.596
4.686
2.999
1.431
4.224
5.797
6.313
3.848
1.451
1.242
1.584
2.503
1.610
2.077
3.636
3.895
2.543
2.072
2.621
2.866
2.515
2.058
2.208
2.181
2.345
2.532
2.008
2.404
2.997
2.138
3.268
1.805
1.611
2.235
2.888
3.520
3.045
2.617
1.632
2.795
2.099
1.681
2.407
2.623
2.495
2.339
2.754
2.258
2.921
3.789
3.915
1.664
2.045
1.648
2.949
2.845
2.470
2.844
2.064
1.870
2.697
2.258
2.177
2.141
2.306
2.673
2.475
3.120
2.570
2.387
2.038
2.933
3.622
3.868
1.634
1.698
3.305
3.629
2.059
3.514
2.526
2.986
2.735
2.900
3.118
2.299
2.074
2.137
2.756
2.441
2.252
2.019
3.073
4.298
1.311
2.396
1.449
1.833
2.990
2.496
1.886
2.522
1.991
1.515
2.278
1.845
2.417
2.586
1.456
1.731
2.093
2.374
1.964
1.985
2.210
1.945
1.559
2.270
3.014
3.964
3.919
3.080
2.664
2.524
2.671
2.347
2.234
3.311
2.416
1.704
1.721
1.514
2.241
2.162
3.156
2.571
1.954
1.927
3.714
1.721
2.202
1.988
1.846
1.905
2.190
2.169
2.351
2.717
2.434
1.452
3.201
5.585
3.694
2.082
2.028
1.718
2.227
1.863
2.235
3.461
5.865
4.353
2.266
1.756
2.272
1.787
1.903
3.222
2.549
1.624
2.078
3.871
6.493
4.022
5.633
4.941
5.172
5.914
2.585
1.525
1.133
3.014
2.946
2.475
2.549
2.111
2.530
2.988
2.064
2.616
2.168
6.403
4.859
1.453
5.211
4.753
2.475
3.118
7.619
4.048
4.054
2.627
1.115
2.849
6.451
7.834
3.822
1.657
3.080
2.817
2.287
3.297
2.550
1.911
4.538
6.783
3.465
2.159
2.800
1.887
3.485
5.204
3.400
5.487
3.909
1.990
3.241
3.779
4.822
5.833
5.926
1.824
2.483
3.307
2.847
3.179
2.651
2.848
3.684
2.186
1.614
2.747
2.059
2.670
3.403
4.671
5.671
5.223
2.440
2.910
2.225
2.650
1.866
1.978
5.304
5.699
2.008
4.337
6.369
4.665
1.331
2.481
3.331
4.305
2.498
1.910
2.533
2.974
3.762
2.596
3.525
2.220
3.262
1.154
1.398
4.372
3.962
6.308
3.121
1.888
4.351
3.944
2.273
3.301
3.214
3.512
2.579
3.243
3.645
4.040
5.485
7.471
7.201
2.804
1.675
2.620
3.467
1.781
2.280
3.113
2.575
1.989
2.347
2.174
4.461
4.110
5.090
4.025
1.861
1.868
2.237
4.386
5.645
1.781
3.454
4.363
3.596
2.387
2.091
4.075
6.271
2.343
2.860
3.217
4.862
2.872
3.226
3.245
4.092
4.117
2.394
3.311
1.384
3.734
4.345
3.539
4.546
1.928
2.572
1.867
2.786
4.202
3.562
1.965
1.653
3.915
2.449
3.894
3.098
2.670
3.328
3.155
2.189
2.319
2.845
3.156
3.390
2.755
3.318
2.816
2.270
2.062
2.667
3.089
3.042
2.601
1.441
1.888
4.864
1.750
2.229
1.702
4.360
6.011
5.111
4.468
4.858
2.727
2.740
2.283
2.236
2.167
2.218
2.370
2.665
2.403
1.900
4.044
3.955
4.326
4.089
2.568
2.218
2.337
2.060
2.293
1.349
1.676
1.225
1.809
1.629
2.475
2.671
2.452
3.363
3.112
2.348
3.897
3.715
2.068
2.988
1.536
2.006
1.471
1.880
3.152
1.485
1.600
1.828
2.750
2.190
2.822
3.690
3.183
2.178
2.254
3.839
2.103
2.272
2.243
2.330
2.333
2.067
2.516
1.841
2.157
2.209
2.535
2.389
2.403
4.453
4.316
2.479
1.843
1.674
2.306
1.003
2.282
4.601
3.807
2.290
2.011
2.066
0.834
3.731
2.283
2.031
2.140
2.078
2.412
2.058
2.263
1.910
1.813
2.487
2.393
2.051
2.683
2.456
2.082
2.135
1.352
1.923
2.458
0.644
2.011
2.630
1.825
2.095
2.261
2.663
2.484
1.803
2.910
2.425
2.266
1.474
2.239
2.433
2.527
2.682
2.558
3.121
1.965
2.437
1.919
2.549
2.346
1.809
1.574
2.345
4.048
2.057
2.794
3.962
4.269
3.678
2.466
3.460
3.028
2.978
2.180
2.907
2.550
1.900
4.784
3.069
2.317
2.022
3.438
2.525
2.413
1.741
2.077
2.348
4.385
1.690
2.898
3.904
3.024
2.140
2.524
2.449
4.067
3.627
2.455
2.022
1.578
1.878
2.023
2.308
1.998
1.608
2.543
2.946
2.986
5.881
2.357
1.986
1.369
1.773
2.144
1.832
1.838
1.846
2.525
2.771
4.151
3.416
2.091
1.891
1.603
1.684
2.427
3.169
4.261
4.311
2.979
2.434
1.337
2.316
3.456
2.376
1.113
2.375
1.757
1.330
1.148
1.664
3.717
5.368
4.446
2.993
2.045
2.223
2.274
2.239
2.204
1.009
1.436
1.936
1.677
2.305
5.197
3.506
2.422
2.289
1.872
1.636
2.509
4.674
2.917
2.431
1.801
1.305
0.929
2.031
2.699
2.872
3.038
2.629
2.614
3.878
3.549
3.153
4.253
5.072
3.356
3.123
2.473
2.639
1.643
2.571
0.697
1.791
2.101
2.455
2.983
2.122
1.842
1.645
2.016
1.501
1.814
2.086
1.087
1.850
2.328
3.232
4.131
3.105
4.473
4.026
2.992
3.825
5.351
3.635
4.192
4.075
2.726
1.738
5.190
6.687
2.631
4.234
2.901
2.547
2.736
3.116
4.204
3.027
4.361
3.106
2.089
2.948
3.720
2.933
1.993
3.673
4.385
4.231
2.792
4.266
5.047
4.296
4.516
3.265
2.699
2.016
1.586
2.286
2.532
4.705
4.054
3.832
2.605
3.055
2.522
4.184
4.446
3.611
4.944
2.915
2.294
3.921
3.360
3.722
4.535
3.864
5.135
5.487
5.095
2.882
1.919
2.468
2.580
3.892
3.221
1.739
1.494
2.941
4.024
2.914
2.083
1.832
1.707
1.567
2.743
2.094
4.668
3.585
3.593
2.642
2.368
1.622
1.316
1.296
2.071
2.929
1.930
1.940
1.818
2.724
1.539
2.234
3.391
4.753
2.935
2.930
4.737
5.379
4.816
2.695
1.284
1.268
2.969
4.797
4.297
2.765
2.352
2.172
1.870
2.541
1.923
1.960
2.365
2.116
2.407
1.820
2.688
4.704
4.285
2.149
2.095
1.197
1.964
2.798
2.362
2.153
1.654
1.843
2.567
2.608
2.278
6.341
3.260
2.916
1.313
1.937
2.958
1.933
1.181
2.565
2.322
2.367
2.239
2.438
2.217
2.267
2.443
1.664
1.968
2.528
3.448
2.329
1.939
2.476
2.870
2.653
1.730
2.705
2.876
2.555
3.090
2.291
2.367
2.019
2.578
3.400
3.695
2.447
1.101
2.321
2.022
2.479
1.867
2.933
2.857
2.231
2.475
2.685
2.534
2.172
2.927
2.790
2.357
2.461
2.503
2.275
2.389
1.694
1.590
1.806
2.291
2.004
1.133
2.761
3.274
1.940
1.546
2.212
2.775
5.093
2.847
2.358
2.390
1.916
2.168
1.597
2.912
2.362
1.584
1.796
1.733
1.895
2.510
3.842
1.702
1.614
1.741
1.778
2.544
2.435
2.137
3.272
2.289
1.621
1.963
1.417
2.404
3.674
2.422
2.293
2.958
2.585
1.961
2.376
1.698
2.122
2.270
2.502
2.491
1.779
2.166
2.579
3.149
2.350
2.246
2.662
2.110
2.195
1.884
1.762
2.107
2.095
1.977
1.975
2.981
2.122
2.278
3.393
3.630
2.142
2.434
1.779
1.716
2.207
4.405
3.435
2.872
2.918
2.645
5.893
3.323
3.783
2.063
4.903
4.112
4.768
4.306
2.758
2.965
2.002
2.057
2.571
3.177
3.110
3.188
2.065
2.849
3.028
4.979
2.595
4.170
3.298
4.626
7.612
8.092
7.496
3.099
1.371
1.920
2.814
6.973
3.480
3.439
6.088
5.394
1.533
1.860
3.764
2.592
2.210
2.647
2.879
2.359
1.961
2.022
2.274
1.691
1.804
2.265
3.515
3.253
4.019
1.726
2.753
2.195
2.413
1.918
2.515
1.721
2.483
2.421
3.329
3.277
1.978
0.922
3.154
6.379
4.242
3.267
4.004
2.573
2.995
5.814
4.097
2.215
3.135
1.643
3.436
2.677
1.726
1.250
2.589
1.800
2.799
2.413
2.552
1.969
4.009
1.863
4.158
2.874
5.830
1.631
2.195
3.314
1.511
2.164
2.852
3.685
3.587
2.649
2.882
1.555
2.609
4.955
3.769
4.294
4.196
2.137
2.680
1.259
1.330
1.263
1.747
1.960
1.971
1.834
2.780
2.594
2.213
2.342
3.070
2.307
2.259
2.092
3.287
5.229
5.866
4.659
2.257
2.633
2.315
2.236
1.279
2.609
2.422
2.603
2.019
2.316
2.496
3.566
3.610
3.788
2.247
2.590
1.959
1.503
1.416
1.475
2.205
1.752
1.706
1.937
2.887
1.379
2.701
3.989
2.428
1.247
2.724
1.909
3.443
3.664
3.440
3.314
4.049
5.545
3.944
1.723
1.423
4.219
1.656
2.521
1.630
4.115
3.601
3.196
3.151
2.181
2.852
5.732
2.474
1.838
2.038
1.771
2.091
4.514
2.569
4.280
3.914
6.459
1.774
3.607
2.673
4.013
4.495
4.528
2.448
3.259
1.761
0.672
1.482
1.997
2.802
2.769
2.241
2.011
2.152
1.920
3.241
2.751
2.891
2.322
1.655
4.364
2.599
1.768
1.850
1.797
1.576
1.669
1.708
2.508
2.623
1.830
2.387
2.566
1.938
1.505
2.429
1.516
1.826
2.374
2.477
2.300
1.500
2.204
2.476
2.051
2.935
2.636
3.493
2.703
2.596
3.040
2.912
2.474
2.398
2.201
1.364
1.826
2.986
2.468
1.840
1.787
1.991
2.104
2.091
2.486
2.392
2.251
2.751
2.532
2.549
2.796
2.807
2.934
2.653
2.091
1.828
2.657
2.984
2.338
1.630
2.318
2.242
1.547
1.668
3.286
2.186
2.386
2.220
2.823
2.158
2.499
2.373
2.562
2.186
2.008
2.185
1.968
2.328
2.251
2.391
2.536
2.294
2.366
2.563
1.860
2.692
2.717
2.280
1.420
1.294
1.750
1.877
1.804
2.443
2.438
2.584
2.734
5.065
1.980
2.415
2.223
1.680
2.505
2.597
2.334
1.879
2.612
2.219
2.229
2.419
3.346
3.895
2.650
2.822
2.475
2.218
1.804
2.430
2.389
2.616
2.578
3.954
2.887
3.008
2.604
2.464
1.670
2.513
1.857
2.094
4.631
3.046
2.459
2.604
4.088
3.339
3.828
4.547
4.730
2.027
1.647
1.694
1.784
1.996
2.535
2.676
2.953
4.744
2.477
3.712
2.859
1.917
3.012
2.738
2.012
1.860
1.804
3.411
4.509
2.287
7.839
3.359
1.748
2.823
1.873
2.140
1.904
3.160
5.245
3.525
2.689
2.241
2.363
2.272
1.961
2.610
4.951
2.850
2.381
2.253
2.050
4.330
5.734
6.307
5.638
2.968
3.465
4.983
2.687
1.939
4.545
7.215
7.519
5.608
5.990
1.652
3.533
2.959
1.922
3.900
5.336
3.012
2.525
3.217
4.956
6.286
5.840
2.307
3.640
2.673
3.074
5.172
3.959
2.976
1.261
1.859
3.794
4.849
6.445
2.385
1.281
2.067
0.999
1.980
1.456
2.522
4.182
1.501
2.125
3.418
3.462
3.377
4.128
4.211
5.647
3.634
4.532
5.682
4.133
3.469
2.148
4.349
3.082
2.133
1.389
1.824
2.840
4.854
2.955
2.514
3.331
3.192
5.604
4.116
4.161
2.358
2.679
3.325
3.421
3.903
4.917
5.919
2.493
4.597
3.672
2.217
1.157
1.807
1.838
2.369
2.113
3.309
4.332
7.522
4.434
3.164
3.331
2.519
2.772
2.709
2.584
2.957
3.029
2.381
2.448
2.181
1.840
2.392
2.764
3.881
2.916
2.795
2.248
4.761
5.235
2.586
2.249
3.051
2.040
4.594
2.911
3.717
3.833
2.783
3.947
3.881
3.584
2.668
1.688
1.566
2.087
4.766
3.629
2.719
5.068
2.402
1.636
3.171
2.639
3.033
2.275
2.792
1.725
2.276
2.784
2.718
2.272
3.928
4.146
2.017
3.285
2.703
1.100
1.619
2.626
2.110
2.597
2.766
2.204
3.543
4.387
5.658
4.974
1.949
1.674
4.554
4.444
3.169
2.490
2.817
1.193
2.430
1.319
1.642
1.545
2.871
2.390
1.204
3.578
2.161
2.476
1.964
2.311
2.510
3.066
2.726
1.909
1.559
2.270
1.906
2.442
2.313
2.481
2.132
1.067
1.950
2.891
2.567
2.845
2.321
2.606
2.161
1.566
1.636
2.511
2.730
2.594
2.652
2.312
2.227
2.290
3.030
1.477
1.997
1.481
2.015
2.795
1.697
2.655
1.891
2.932
2.355
2.464
2.013
2.561
1.971
1.760
1.762
2.668
2.626
3.268
5.676
2.272
2.012
2.434
2.218
2.200
2.285
2.469
1.709
2.367
2.363
1.486
3.011
1.700
2.421
2.248
2.412
2.384
2.517
2.392
2.495
2.484
2.608
2.190
2.069
2.516
2.700
2.508
2.036
2.582
1.149
2.197
2.812
2.984
2.117
2.797
2.455
2.958
2.132
2.971
3.986
4.649
2.324
2.223
2.552
2.012
3.086
3.222
1.312
3.374
2.399
1.547
1.479
1.560
2.026
1.543
2.140
2.158
1.699
2.255
2.526
2.521
1.839
2.308
2.728
2.161
2.089
3.006
2.927
1.562
2.578
2.041
2.147
2.015
1.359
3.598
3.787
4.913
3.549
2.679
2.174
2.263
1.881
2.629
2.105
2.025
1.978
1.741
2.663
3.164
2.067
1.425
2.199
1.915
2.033
1.883
1.819
2.470
3.337
3.468
2.377
2.332
3.092
3.611
4.413
2.110
1.711
1.887
3.060
2.373
3.752
3.279
5.740
5.795
3.010
1.851
4.113
4.284
4.948
3.478
2.102
2.295
3.357
3.130
2.086
2.306
1.775
2.264
3.761
4.978
1.961
1.743
2.327
3.665
5.753
4.040
2.680
3.466
3.940
1.510
2.216
2.111
1.723
3.623
3.036
3.622
5.094
4.269
1.999
2.083
1.514
1.254
3.230
2.516
4.153
2.993
3.925
2.672
1.573
1.331
2.731
3.649
3.199
4.848
3.923
3.319
2.333
1.920
3.414
3.415
6.175
2.101
2.122
1.659
3.430
1.208
1.852
2.088
3.516
3.711
3.477
2.954
3.522
3.350
4.142
2.375
3.812
1.821
2.635
2.148
1.863
1.676
2.063
3.028
4.536
2.584
4.499
5.641
4.509
2.052
2.866
3.427
4.237
2.409
1.607
1.727
1.197
2.795
4.921
4.602
4.993
1.675
2.362
3.474
3.935
2.456
1.324
2.249
2.641
4.212
4.750
3.805
3.142
3.785
2.058
1.129
1.976
2.685
2.635
1.486
1.611
1.588
2.262
2.034
2.819
2.493
2.204
1.791
3.441
2.126
1.831
2.918
3.001
3.501
4.090
3.525
4.017
4.120
2.507
2.910
2.369
3.347
3.435
2.618
2.401
1.013
1.996
3.656
1.608
2.746
2.075
3.592
2.375
1.436
1.332
2.488
2.176
1.981
3.982
3.970
3.107
2.071
3.071
4.263
3.455
3.277
3.697
3.044
2.360
1.677
1.528
3.761
4.371
2.956
2.102
2.374
3.000
2.871
1.386
2.957
3.873
3.507
2.141
2.592
1.503
1.879
2.299
2.931
2.703
2.095
2.929
3.005
2.921
3.208
3.178
2.005
2.089
2.607
2.436
2.961
4.028
1.634
2.371
1.298
3.444
2.575
2.102
2.618
2.705
3.328
1.847
2.027
2.172
2.331
2.638
2.859
3.449
2.607
2.033
1.912
2.611
2.317
2.669
2.094
2.921
2.764
2.901
2.561
2.004
1.788
3.338
3.890
1.967
2.197
1.931
1.654
1.881
2.563
2.583
1.780
2.466
2.169
1.783
1.903
2.624
2.496
2.534
2.320
3.380
2.310
2.308
2.157
2.758
1.989
1.798
2.130
2.580
1.950
3.619
2.314
2.490
2.471
2.605
3.073
3.107
2.845
3.117
2.505
2.861
2.732
1.469
1.713
2.836
1.564
2.357
2.877
3.532
2.046
1.883
1.338
1.896
2.767
2.792
2.111
2.507
2.912
2.625
2.361
2.917
2.291
1.901
2.011
2.268
3.050
3.015
2.318
2.227
2.034
2.178
1.833
1.781
3.233
1.876
1.816
1.859
1.397
2.139
1.395
1.803
2.322
2.364
1.974
1.784
2.304
2.879
4.240
4.489
3.886
3.570
2.086
1.614
2.423
1.789
2.221
2.219
2.409
3.585
3.254
1.955
2.026
1.963
1.794
1.903
1.960
2.227
1.733
1.548
1.732
2.734
2.405
1.331
2.582
2.310
2.339
2.168
3.124
3.823
2.247
1.833
2.671
3.899
2.936
2.427
1.683
1.980
1.381
2.118
2.537
3.340
2.434
3.360
3.100
2.855
1.788
3.611
2.280
3.242
2.974
3.491
3.005
2.987
3.069
1.614
2.674
3.589
2.903
1.609
1.756
3.404
2.673
1.233
1.796
3.160
2.433
2.606
3.769
3.271
3.136
2.182
2.761
2.108
3.466
3.272
3.061
1.640
2.920
2.014
1.664
3.008
2.834
1.311
2.054
6.109
3.432
5.226
1.998
2.900
1.989
2.183
1.733
1.902
2.095
2.186
1.170
1.225
2.388
5.920
4.775
4.081
2.384
2.097
1.047
2.443
2.062
1.933
1.330
1.651
1.769
3.266
1.585
2.248
4.594
2.031
3.443
3.253
2.306
2.904
2.974
2.618
3.318
3.183
1.953
2.519
2.161
3.625
3.166
4.771
3.796
4.386
4.552
1.903
2.732
2.968
3.652
2.060
2.786
3.060
2.650
4.583
5.347
4.214
3.162
1.328
1.345
1.314
1.643
1.239
1.276
2.783
3.027
2.778
3.586
3.931
2.493
1.887
1.509
2.179
3.269
3.785
2.894
3.958
5.535
3.115
1.767
1.613
1.393
2.673
2.290
2.114
1.900
2.237
3.122
2.824
5.845
2.678
3.018
2.913
3.560
3.169
3.685
2.540
2.843
4.361
2.419
1.575
1.885
1.817
1.762
1.929
2.572
2.773
2.962
1.890
1.482
4.570
3.175
3.943
5.224
2.722
3.172
4.248
3.520
3.162
2.512
2.921
1.755
3.352
2.927
1.803
2.910
3.178
3.953
4.167
2.303
2.837
3.018
4.111
3.128
1.324
1.706
1.637
1.559
2.966
2.102
2.198
2.773
3.087
1.687
1.816
2.493
2.646
2.353
1.513
2.051
2.979
3.800
3.279
2.606
2.734
2.744
3.057
1.870
1.989
2.515
2.307
2.195
2.436
2.883
3.023
3.204
2.537
2.752
1.900
5.419
2.221
2.143
2.335
3.583
3.602
3.501
2.082
3.537
2.641
2.799
3.590
4.156
2.812
2.019
1.996
1.946
2.507
2.691
2.615
2.762
2.820
2.129
2.299
1.956
2.575
2.465
2.205
2.902
1.922
1.886
1.625
1.463
2.137
3.896
1.975
1.499
2.276
1.610
1.996
2.828
3.085
2.339
2.791
2.747
2.498
1.858
1.714
1.724
2.045
2.809
1.810
1.992
2.402
2.772
3.095
3.067
2.676
2.398
2.392
1.713
1.679
1.770
1.932
2.626
2.361
2.536
1.856
1.785
1.484
1.774
1.844
2.188
2.510
2.838
2.205
3.014
3.463
2.218
1.432
1.869
1.571
1.585
1.343
1.315
2.523
4.539
5.006
3.443
3.420
1.377
2.046
2.689
1.834
2.174
1.716
1.222
2.864
2.161
2.956
3.500
2.495
2.239
2.204
2.470
3.255
2.135
1.996
2.134
2.734
2.644
2.668
2.420
2.819
3.089
5.120
4.904
2.948
1.432
2.000
1.921
1.569
2.824
2.552
3.085
4.234
3.300
2.005
1.205
1.737
2.090
2.060
2.121
2.007
4.961
2.481
1.541
2.313
2.813
1.974
2.221
2.267
2.794
2.134
1.835
2.289
2.311
2.278
2.602
3.637
5.413
4.076
2.292
3.233
5.532
2.676
3.297
4.999
2.353
2.177
3.750
2.205
3.145
4.306
5.015
4.668
2.557
2.992
2.536
2.324
2.523
3.486
2.944
3.814
5.219
3.888
2.953
3.536
6.106
5.015
2.891
2.532
1.974
3.367
2.721
3.971
5.325
6.591
4.586
3.927
4.235
1.430
2.791
3.242
3.827
3.765
3.161
4.215
4.293
3.649
7.169
2.985
2.494
1.882
2.173
2.318
4.116
4.962
3.637
1.605
3.409
3.002
1.720
1.931
2.649
3.212
2.441
1.854
2.366
2.509
2.386
1.961
4.216
3.809
4.481
3.483
3.086
2.965
2.803
2.921
2.493
3.355
3.157
4.062
3.863
4.666
3.613
2.697
4.626
3.565
2.996
5.963
6.518
3.529
3.205
1.751
2.360
3.271
2.110
1.718
4.569
3.581
3.787
1.725
2.621
2.193
1.631
2.870
1.321
3.499
1.885
2.670
3.973
2.197
2.561
3.081
3.434
3.352
4.657
3.550
2.005
4.771
4.909
1.929
3.410
3.275
1.678
2.359
3.274
3.416
2.562
3.516
3.542
4.282
2.928
4.945
2.830
3.465
4.782
3.834
2.825
1.205
3.036
1.724
4.163
2.089
1.552
2.207
1.808
2.583
2.937
2.641
4.128
2.688
2.053
2.649
2.336
2.902
3.203
3.879
2.663
2.338
2.963
2.420
3.624
3.079
1.629
2.385
1.350
1.389
1.335
1.354
2.122
1.636
2.163
4.421
4.504
3.306
2.754
2.586
2.372
2.383
1.374
2.231
1.471
2.236
2.490
1.985
2.364
3.059
2.421
2.775
2.206
2.509
2.176
4.114
2.422
3.063
2.257
2.504
2.410
4.508
4.100
2.663
3.567
2.706
4.954
5.316
3.076
1.781
2.505
2.181
2.287
2.346
2.152
2.217
1.930
1.954
2.185
2.904
3.385
3.130
3.582
1.650
2.173
2.378
2.350
1.875
2.300
1.971
2.743
3.079
2.244
1.822
2.520
1.776
1.601
1.070
2.410
3.603
1.672
2.330
1.879
1.877
2.690
3.093
2.044
1.469
2.226
2.478
3.800
2.191
1.578
1.670
1.664
2.500
2.179
2.031
3.618
3.956
3.227
2.726
1.892
2.168
2.770
2.357
2.474
1.916
1.999
3.940
4.008
2.737
2.676
2.160
3.172
1.691
1.741
4.248
2.664
2.418
1.683
2.115
1.821
1.783
2.976
2.226
2.560
2.227
2.187
1.864
2.169
2.731
1.992
1.997
2.502
2.302
1.747
1.566
2.015
1.848
2.610
3.157
2.118
1.451
1.542
2.031
3.671
3.162
2.868
2.441
2.097
2.131
2.457
2.141
2.482
2.025
1.936
2.002
1.699
3.070
4.021
4.815
4.804
2.879
1.734
1.828
2.267
2.881
1.213
1.669
2.603
1.897
2.552
2.889
3.802
2.218
1.580
1.874
2.086
2.293
2.073
2.753
2.269
2.019
2.737
3.404
2.259
2.141
2.032
2.279
1.977
2.425
2.371
1.517
1.762
1.746
1.580
1.980
2.063
1.502
2.487
2.481
2.102
2.198
3.552
3.505
3.583
2.933
2.768
1.730
2.207
2.364
4.517
1.649
1.251
3.110
2.249
2.686
1.566
0.954
1.377
1.992
1.313
3.865
4.006
3.394
5.154
6.020
5.630
4.612
2.911
3.204
3.383
1.340
1.304
1.932
5.281
6.258
6.597
6.789
5.308
1.260
2.363
4.958
2.570
2.866
2.441
2.588
2.843
3.704
5.382
4.253
2.583
2.843
3.780
2.691
3.897
2.773
2.665
3.171
2.403
1.680
1.870
2.207
2.853
3.151
2.123
3.566
4.900
5.142
2.441
1.984
1.812
2.383
1.310
3.753
3.836
2.060
2.105
1.882
4.006
6.972
7.581
6.145
3.627
3.819
3.734
3.844
3.716
6.300
4.889
2.485
4.877
5.816
5.174
2.305
3.675
3.120
3.354
3.661
4.528
1.944
2.779
1.819
3.137
4.266
2.025
2.630
3.117
2.271
5.930
3.245
5.562
5.600
2.548
4.052
3.006
1.741
2.416
1.656
2.356
2.136
2.636
1.592
1.675
1.544
2.325
1.569
2.096
3.273
2.276
2.332
2.588
5.011
3.066
3.450
2.292
1.926
3.416
6.202
5.131
2.611
2.961
4.118
1.960
1.662
1.714
2.364
5.551
2.822
5.101
3.800
3.387
3.709
2.601
2.812
2.951
2.145
3.053
4.733
2.586
2.968
3.000
4.178
2.436
2.750
2.252
2.380
5.714
2.439
1.806
3.494
2.961
1.968
1.471
2.351
3.031
3.474
4.678
4.919
4.999
1.996
1.741
3.172
3.119
2.188
2.511
4.715
3.290
4.321
4.174
3.300
1.399
1.379
2.356
1.332
3.562
3.707
2.415
3.933
1.747
1.525
1.480
2.190
2.176
2.315
2.147
2.138
2.646
3.037
3.435
3.137
2.752
2.285
2.811
2.095
3.705
1.888
2.423
3.103
2.072
1.918
1.824
2.542
2.922
4.693
5.321
4.945
4.773
3.884
1.818
1.761
2.744
1.926
1.904
1.698
1.613
2.189
1.895
1.595
1.597
2.586
2.066
2.737
2.021
0.681
1.695
1.392
1.879
2.269
1.114
1.801
2.316
1.960
2.174
2.377
1.923
2.498
2.005
1.936
2.383
1.981
2.382
2.182
2.280
2.369
2.675
1.464
2.195
2.324
1.946
2.874
1.702
3.139
3.457
2.095
2.424
1.581
1.683
1.928
1.969
3.063
3.224
2.754
2.635
2.522
2.178
1.981
2.190
2.393
2.305
2.310
1.882
1.446
1.611
2.901
2.212
2.002
1.912
2.031
2.476
1.700
2.611
4.718
1.351
1.033
3.155
3.024
2.529
1.858
2.087
1.598
1.058
2.014
2.324
2.003
2.112
1.500
1.704
1.740
1.742
1.948
2.325
1.820
1.178
3.432
3.103
5.066
5.291
1.675
1.214
2.336
2.278
2.575
3.077
2.363
2.427
3.144
2.775
2.084
2.011
1.989
2.821
2.497
1.726
1.672
2.105
1.757
2.633
2.753
2.357
2.057
1.811
2.558
1.516
2.742
2.354
2.140
3.028
1.636
2.293
1.978
2.005
2.192
2.439
1.945
1.576
2.137
2.592
2.324
1.963
1.175
2.207
2.504
2.758
2.504
1.579
1.443
1.987
2.387
1.712
1.567
2.957
5.099
4.789
4.681
5.672
4.440
6.085
3.482
1.672
1.709
2.766
3.263
2.571
1.792
2.468
1.448
1.300
1.664
2.288
2.464
2.261
3.470
5.693
5.677
4.069
3.412
2.176
1.347
3.647
5.646
3.939
6.626
3.173
1.571
3.548
3.923
3.346
2.233
2.502
1.959
4.214
2.838
1.805
2.095
4.300
6.744
4.708
4.810
2.921
3.126
3.305
3.953
4.610
2.809
2.296
1.833
2.510
3.168
2.115
3.770
4.312
4.835
4.754
2.112
2.058
1.537
1.659
1.574
1.697
1.541
2.464
2.167
1.916
1.807
3.533
3.605
2.098
1.742
1.690
1.831
4.561
5.237
2.829
2.000
2.906
6.242
2.603
2.671
2.313
2.414
2.137
2.106
1.365
1.505
3.366
5.963
4.273
2.413
5.007
5.958
4.129
3.724
2.187
5.653
4.926
3.587
4.193
3.750
2.506
2.575
4.716
2.447
1.654
2.705
2.580
3.299
3.668
3.525
1.446
2.848
3.223
2.620
2.620
2.030
1.338
5.407
3.316
2.707
3.852
2.033
4.509
2.645
4.268
3.223
3.368
2.138
2.827
1.689
2.034
2.544
3.153
3.306
2.304
2.925
4.321
5.345
3.505
3.521
2.564
4.483
2.421
2.630
2.003
2.755
4.145
2.366
1.488
1.400
2.611
3.533
1.965
2.155
4.806
4.298
2.917
2.158
2.448
3.794
5.155
2.661
1.819
2.597
2.347
2.497
1.977
2.549
3.020
4.118
6.413
4.927
2.830
3.087
2.249
2.095
2.317
1.378
2.476
2.037
3.186
1.921
2.637
2.556
2.511
2.682
2.145
2.335
2.428
4.043
1.528
3.677
1.883
1.667
1.887
2.958
2.923
2.007
2.987
2.922
3.220
2.868
3.022
4.080
2.961
1.956
2.705
2.485
3.340
3.048
2.298
4.069
1.000
2.213
3.007
1.830
4.004
3.469
2.649
2.595
2.074
2.375
2.160
2.701
2.571
2.978
2.774
2.982
3.904
2.456
1.841
1.744
2.330
2.182
1.944
1.807
1.874
1.413
2.156
1.982
1.867
1.964
1.550
2.905
2.099
2.216
1.836
1.817
2.959
2.951
2.668
1.745
3.597
3.246
2.128
1.486
2.993
3.824
5.037
1.443
3.229
1.697
2.133
2.449
2.070
2.661
1.451
2.314
2.405
1.639
3.127
2.433
2.693
2.615
1.575
1.089
2.328
2.671
1.886
2.492
2.430
2.198
2.426
1.779
2.090
2.563
2.497
2.201
2.140
2.436
2.882
2.032
1.823
1.855
2.308
3.094
1.726
2.034
2.538
1.681
2.658
2.539
2.798
1.881
2.149
2.065
2.121
1.512
1.857
2.004
2.016
2.062
3.415
3.361
2.210
1.720
2.629
2.249
1.716
1.559
1.848
1.484
1.927
1.533
2.260
1.955
2.272
1.841
2.981
2.184
1.631
2.290
2.252
2.706
2.597
2.411
0.981
2.276
2.476
5.818
5.575
3.722
2.852
3.527
3.297
3.079
2.359
2.928
6.235
3.452
2.524
1.843
1.358
1.525
1.406
2.241
1.830
1.667
1.598
2.545
3.709
2.877
3.080
1.797
2.108
2.415
2.464
1.164
2.405
2.004
2.330
2.749
4.896
2.217
3.587
4.170
2.183
3.307
5.031
3.072
2.962
2.600
3.608
3.975
1.590
1.284
2.370
7.455
5.004
2.650
2.560
3.335
2.746
1.728
3.311
2.483
3.432
2.037
2.718
3.429
2.851
2.143
1.951
2.118
1.864
1.752
0.952
2.697
2.935
5.445
7.323
3.455
6.757
4.442
3.176
2.267
1.759
4.017
3.921
2.023
1.737
4.335
1.938
2.804
2.362
1.585
2.072
2.125
1.893
1.895
1.576
2.067
3.011
2.724
2.080
3.575
3.841
1.555
0.984
1.683
2.211
1.405
1.597
1.485
1.686
2.536
1.633
4.017
3.326
3.077
2.805
2.469
3.404
4.344
4.355
4.880
3.048
3.098
1.615
2.306
2.708
2.180
1.895
1.488
1.633
1.031
3.756
5.665
3.049
4.225
3.362
3.102
5.243
2.764
1.363
3.165
3.658
3.827
6.361
2.310
2.137
1.999
2.920
4.233
3.476
3.016
3.092
3.405
2.672
2.064
1.960
2.810
3.181
3.533
3.428
2.447
2.382
3.228
4.429
3.247
1.644
2.203
4.249
5.343
5.654
1.721
2.458
3.131
5.710
2.185
2.849
1.335
4.470
3.403
3.789
1.665
2.417
2.736
1.939
2.606
2.742
2.564
2.220
2.366
1.647
2.275
2.359
3.062
2.343
2.784
2.986
1.734
1.531
2.457
1.869
2.205
1.685
1.667
2.109
2.318
1.206
1.085
2.111
1.930
2.768
1.638
0.682
1.575
1.850
2.248
4.163
1.805
2.328
2.024
3.725
4.041
3.298
3.423
3.091
2.640
2.227
2.468
2.449
2.372
3.085
1.690
1.505
2.001
1.687
2.673
4.555
3.140
3.767
2.983
2.439
2.407
1.975
1.353
2.382
4.948
6.269
4.396
2.968
1.220
1.921
2.130
2.201
2.516
3.034
2.552
3.653
3.217
2.271
2.524
2.601
2.458
2.611
2.401
2.450
2.345
2.031
2.181
2.557
2.654
2.058
2.078
2.524
2.391
2.798
2.083
2.194
2.616
1.457
1.894
2.650
2.132
1.661
2.558
2.895
2.646
1.976
2.353
1.823
2.044
3.841
3.096
2.282
2.443
2.501
2.085
2.327
1.872
2.271
1.732
2.628
1.314
2.139
3.161
2.482
1.835
1.601
1.672
1.743
2.016
1.454
2.365
3.634
1.296
2.590
1.564
1.868
1.552
1.523
1.484
2.820
2.384
2.133
2.680
2.807
3.100
2.428
4.034
4.199
2.060
2.024
1.687
2.218
1.892
2.193
3.602
4.135
1.614
1.655
1.910
1.993
2.537
1.617
2.612
1.858
1.947
2.263
2.353
2.117
1.782
1.898
2.620
4.145
3.183
2.838
2.233
2.179
1.812
1.453
1.227
2.351
4.743
6.321
2.393
1.242
2.010
1.788
2.456
2.923
3.273
2.361
1.745
1.701
1.698
2.202
3.233
2.082
2.224
3.226
3.084
2.904
3.580
2.959
4.709
2.911
1.287
2.004
4.347
6.867
6.210
4.307
2.048
1.736
2.595
2.455
2.622
2.858
2.805
3.484
3.263
2.964
5.484
3.783
5.937
4.985
2.087
1.486
1.576
2.218
3.882
3.806
1.683
2.779
2.661
2.447
3.863
3.311
2.638
3.195
3.194
2.628
2.016
1.806
2.252
5.522
6.248
4.564
4.291
5.040
5.193
4.272
3.774
3.442
2.969
3.816
2.621
4.396
2.657
7.011
4.765
4.566
5.830
5.592
2.435
3.677
2.766
1.578
1.970
1.371
1.060
1.719
1.593
1.879
1.204
2.757
3.921
5.988
4.851
3.981
4.123
1.231
1.714
1.325
1.940
1.988
1.184
3.104
2.769
0.784
2.374
1.922
2.708
1.711
0.742
1.490
1.292
1.090
1.622
2.041
3.171
2.706
1.841
2.121
1.037
1.200
1.882
2.489
2.549
3.360
1.760
1.469
2.370
1.822
1.177
1.898
2.279
3.666
2.798
2.138
2.102
1.313
1.823
1.543
1.768
1.550
1.183
2.417
1.617
1.857
1.480
1.629
1.551
1.967
1.904
1.119
1.379
1.804
2.178
1.611
1.587
1.395
5.286
5.090
2.781
4.166
3.901
2.159
2.673
2.753
1.881
1.637
1.685
0.910
1.316
2.377
1.546
1.666
1.552
1.028
1.734
1.246
1.195
2.017
1.369
2.103
1.490
1.132
1.579
2.056
2.483
1.817
1.450
2.780
2.758
1.714
1.749
1.481
1.239
1.430
1.360
2.272
2.574
3.104
2.823
2.007
1.917
2.009
1.453
1.238
2.050
1.967
2.108
1.545
2.656
2.301
1.836
2.066
2.335
2.449
2.317
2.601
1.554
1.655
1.951
1.677
2.828
1.981
1.657
1.300
2.056
1.938
1.569
1.918
1.630
2.416
1.954
2.070
1.922
2.115
1.616
1.839
1.856
2.256
2.152
1.781
2.178
2.407
1.950
2.519
2.424
2.315
1.647
1.507
1.465
1.695
1.781
1.353
1.522
1.880
1.965
2.290
1.219
1.567
2.238
1.915
2.107
1.576
1.966
1.882
1.737
2.010
2.122
2.086
2.139
1.775
1.794
1.844
1.719
1.505
1.587
1.965
0.963
1.466
2.037
2.572
2.232
1.885
1.432
3.327
1.853
1.977
1.861
1.851
1.845
2.186
2.221
1.566
1.455
1.346
1.633
1.990
1.792
2.029
1.667
1.801
2.483
1.379
1.505
1.836
2.022
1.660
1.836
2.092
1.787
1.460
1.399
1.521
1.345
1.376
1.701
2.243
1.829
1.573
2.148
2.038
2.979
1.868
2.145
4.195
1.941
1.245
1.914
1.479
1.610
2.057
1.636
2.076
2.302
1.865
1.252
2.226
1.289
1.720
1.877
2.291
1.325
1.076
1.363
1.511
1.698
1.443
2.404
2.064
1.524
1.837
1.304
1.471
1.733
1.782
1.378
1.328
1.293
1.831
1.650
1.914
1.213
1.582
1.267
1.245
1.816
2.603
1.959
2.087
2.344
2.349
1.427
1.668
1.584
1.586
1.169
1.338
2.049
3.257
2.015
1.430
1.740
2.455
4.779
5.237
1.714
4.139
2.063
1.454
1.290
2.499
2.399
2.570
4.809
5.658
5.261
4.547
4.138
4.453
2.562
1.178
1.280
1.683
2.384
2.107
1.866
2.066
1.390
1.230
2.130
1.888
2.210
2.232
1.225
0.939
1.964
1.081
2.019
1.577
3.154
1.163
3.112
3.865
0.970
2.681
2.849
1.517
2.623
2.323
4.060
2.038
2.300
3.327
4.021
3.617
1.875
5.528
2.545
1.242
1.397
2.273
1.662
1.637
1.672
2.488
0.947
0.850
1.437
2.595
1.809
2.811
2.247
2.415
3.621
2.898
2.994
4.028
4.354
2.037
2.464
2.282
1.976
1.284
2.398
2.395
1.564
0.624
0.934
1.427
1.652
2.910
2.415
2.655
2.217
1.092
2.233
1.007
1.077
0.994
1.183
0.962
1.283
1.559
1.451
1.929
1.820
1.801
1.171
1.061
1.448
1.633
1.877
2.051
1.562
1.291
1.192
1.668
3.189
3.004
1.434
1.213
2.741
2.184
2.029
1.603
1.491
1.694
1.419
3.073
1.952
1.252
1.128
1.784
1.502
1.090
1.298
2.079
1.439
0.975
1.999
1.814
1.132
2.125
2.038
1.162
1.264
1.297
2.727
3.511
3.577
1.955
1.334
2.290
2.913
1.847
1.702
1.297
1.411
1.167
1.099
2.162
2.593
2.316
2.231
1.482
3.287
2.341
1.358
1.436
2.024
2.916
1.529
4.162
2.765
0.623
1.835
2.218
2.079
2.600
1.622
1.477
1.633
2.137
2.062
1.747
1.970
2.141
3.311
5.057
4.097
4.686
5.043
3.254
2.261
2.627
1.810
0.926
1.755
1.710
1.712
2.122
1.779
1.357
0.997
2.537
2.929
1.977
2.386
3.064
1.955
2.777
2.485
4.259
4.002
2.302
2.140
2.003
2.300
2.331
2.516
1.985
1.861
1.530
1.616
1.830
1.929
2.041
1.982
1.846
1.218
2.452
1.165
1.821
1.607
1.437
1.691
1.638
1.176
1.560
1.976
1.671
2.190
1.480
1.633
1.548
2.136
1.762
1.328
1.659
1.618
1.585
1.514
2.137
2.555
2.371
2.360
1.527
1.120
1.739
2.024
1.689
1.985
1.432
1.007
1.739
2.116
1.404
1.833
2.114
1.804
2.376
1.678
1.964
1.716
1.965
2.534
2.139
2.080
2.142
1.906
1.767
1.746
1.655
1.722
1.712
1.726
2.126
1.306
1.174
2.517
2.145
1.438
1.636
1.606
1.688
2.018
2.310
1.602
1.652
1.962
2.030
1.792
1.681
1.705
2.249
1.748
2.260
1.988
2.482
1.407
2.150
1.542
2.686
1.552
1.791
2.523
1.684
1.148
1.580
1.156
1.697
1.595
1.845
1.351
1.861
1.753
1.922
2.411
2.697
1.591
1.660
1.894
1.811
1.568
2.258
1.767
2.607
2.427
2.624
3.435
3.309
4.756
1.567
1.322
1.821
1.119
0.958
1.317
1.265
2.180
1.625
2.167
2.035
1.111
1.927
1.176
1.141
2.499
1.535
3.115
2.488
1.358
4.413
5.233
4.961
2.694
1.879
0.743
1.139
0.904
1.363
1.957
2.943
2.979
2.037
2.253
4.707
2.007
2.701
4.483
4.121
1.910
1.395
1.327
2.597
2.114
5.312
1.663
1.327
1.319
1.819
1.505
2.306
3.630
2.563
1.869
1.283
2.319
0.992
2.031
3.122
2.164
4.231
3.489
1.665
2.090
1.643
0.899
1.465
1.953
2.394
1.158
2.310
2.637
2.148
1.560
1.446
2.504
1.776
4.789
5.967
2.900
1.890
1.822
1.514
1.257
3.686
1.654
2.031
3.231
4.147
4.913
1.502
3.933
2.240
4.095
2.034
3.699
4.214
1.680
1.986
1.747
2.242
2.116
1.254
1.089
1.555
1.337
2.068
1.498
1.413
1.227
1.483
2.482
2.212
1.197
4.272
5.033
1.661
1.534
2.765
1.773
1.795
1.804
1.870
1.737
2.737
2.605
2.629
2.767
3.476
2.387
2.164
2.266
1.942
2.102
1.591
1.840
1.587
4.538
1.658
1.636
1.322
1.679
1.300
1.366
1.152
1.804
2.270
1.871
1.718
1.296
1.453
1.595
1.816
1.118
1.628
1.553
0.859
1.235
3.494
5.839
5.537
3.403
3.103
1.204
0.811
0.881
1.180
2.226
3.314
2.411
1.963
5.325
2.759
1.676
2.568
1.894
1.075
1.655
1.623
1.724
1.362
1.211
3.509
1.620
1.798
2.565
1.335
2.032
1.336
1.943
2.154
1.632
2.136
1.787
1.400
1.740
3.941
2.256
0.835
2.207
1.836
1.789
0.986
2.145
2.372
1.562
1.702
1.884
0.801
2.254
1.673
3.532
3.483
1.585
3.031
3.852
3.597
2.070
0.818
1.472
1.865
0.780
1.293
1.043
1.606
2.304
1.962
2.208
1.312
1.606
4.246
4.627
2.773
3.552
2.785
0.773
1.385
2.196
2.785
2.772
2.225
1.808
2.109
1.497
1.938
2.223
1.861
2.195
2.639
2.164
1.888
2.334
1.940
1.793
1.466
2.422
2.172
1.959
1.946
1.365
1.681
1.528
1.003
2.159
2.386
3.634
3.302
1.961
1.398
2.094
1.982
2.691
2.244
1.895
1.570
1.242
2.089
1.283
1.872
1.954
1.729
1.759
2.031
1.670
1.436
1.576
1.767
2.327
1.921
2.053
1.863
2.129
1.969
2.309
1.169
1.691
1.803
1.808
2.188
1.487
1.648
1.634
1.083
1.972
2.959
2.455
1.956
1.749
1.690
1.820
2.577
1.489
1.337
1.842
3.644
2.271
1.733
1.891
1.620
0.773
2.029
2.455
1.603
1.820
1.607
1.652
1.640
2.454
1.678
1.592
1.740
1.324
1.642
1.371
1.451
2.307
1.523
1.487
1.457
2.116
1.690
1.515
1.656
2.137
1.669
2.298
2.265
1.921
2.266
1.542
1.240
1.601
1.609
1.492
1.159
2.480
2.763
1.899
2.083
1.842
1.325
1.251
1.383
1.711
1.500
1.241
1.735
1.608
1.331
1.489
1.458
2.473
2.956
2.326
1.159
1.389
1.516
1.553
2.170
1.786
2.653
2.516
2.999
2.509
1.480
1.428
1.350
3.983
4.120
2.996
4.406
3.649
1.352
3.643
2.974
3.603
3.813
2.034
1.461
1.383
1.885
3.660
2.259
3.243
1.948
1.810
2.052
3.117
2.093
2.687
2.784
1.698
1.141
2.180
1.544
1.590
3.129
4.402
2.753
1.139
1.804
1.423
2.267
2.685
2.665
1.968
1.125
0.670
1.031
1.450
1.144
1.971
2.030
1.685
1.828
2.585
1.517
1.518
1.349
1.578
1.711
2.720
2.813
1.582
1.502
3.207
4.532
3.532
4.706
2.769
2.887
3.888
3.326
6.101
5.409
2.785
2.723
4.853
1.443
1.694
3.503
