19910101
3.177
3.696
3.800
2.839
2.792
3.672
3.663
2.448
4.728
5.535
3.112
1.870
3.100
3.310
2.957
4.605
3.607
2.893
2.454
1.162
1.699
2.009
1.976
1.824
1.956
1.640
1.754
2.053
1.497
1.680
1.975
1.740
2.155
1.729
1.729
2.216
1.871
3.007
3.641
4.119
3.865
1.801
2.032
2.484
2.862
2.631
4.261
2.344
2.207
2.413
2.773
1.869
2.003
2.274
2.180
2.079
1.903
2.125
2.946
3.877
2.408
2.040
3.774
4.035
5.028
7.062
7.650
3.404
1.395
1.110
1.268
1.304
1.895
2.270
2.434
2.396
2.542
1.947
2.647
4.167
3.865
1.962
3.591
2.240
1.122
2.252
2.752
3.195
1.732
1.939
1.557
1.433
1.884
2.554
2.380
2.507
2.361
2.808
1.807
1.620
2.147
2.603
1.980
2.108
1.517
2.449
3.562
3.867
2.813
2.739
2.423
1.680
2.609
2.423
2.530
3.942
2.364
1.474
1.725
1.884
1.832
2.174
2.919
3.328
1.404
1.958
2.060
1.987
1.881
2.878
2.301
3.583
1.276
1.595
2.691
2.967
4.013
4.361
2.869
1.901
1.859
2.099
2.928
3.466
2.047
3.034
2.011
0.828
1.501
1.848
1.374
2.573
2.035
2.852
1.850
1.439
3.589
3.399
2.678
1.496
1.858
1.564
2.849
2.134
1.654
1.882
2.773
1.889
2.462
1.652
1.862
2.519
1.997
1.669
2.740
2.008
2.225
1.956
4.141
3.255
1.982
2.001
2.696
2.806
2.648
2.310
2.433
2.273
1.903
1.606
1.850
2.644
1.471
1.133
3.006
2.794
2.219
1.850
2.400
2.624
2.368
2.418
1.661
2.880
2.030
1.769
2.174
2.154
1.828
2.165
2.278
2.125
3.333
3.143
2.314
1.296
1.340
2.140
2.692
2.550
2.041
1.318
1.284
1.913
2.342
2.146
2.349
2.398
2.267
3.075
2.570
1.421
2.174
2.650
2.637
1.937
1.853
1.953
2.049
2.727
2.396
2.557
2.860
2.541
2.102
2.397
2.193
2.499
2.670
2.100
1.901
2.376
2.459
2.660
1.734
1.450
1.819
1.830
1.683
2.656
2.813
1.865
2.165
2.062
3.058
2.711
2.150
3.069
5.639
1.893
4.089
6.771
3.356
1.367
3.975
1.470
2.008
2.759
2.821
2.956
2.147
1.830
2.338
4.371
3.454
3.174
3.868
1.885
1.820
3.421
3.411
2.814
3.483
2.013
1.749
2.073
1.172
1.329
1.884
3.481
1.528
1.203
1.596
1.798
3.291
2.829
3.629
3.785
2.848
2.592
3.237
2.874
3.238
2.518
4.021
3.665
6.587
2.828
4.097
2.379
3.499
2.405
3.305
1.706
2.147
1.426
1.077
1.664
1.980
2.724
2.621
2.374
2.637
4.558
3.342
3.815
1.596
0.629
2.625
3.282
2.890
1.560
2.359
2.501
4.082
2.577
2.307
1.932
2.496
1.717
2.545
5.023
4.393
4.591
4.900
6.186
4.024
4.860
4.925
3.666
6.391
3.636
1.471
0.976
1.074
2.458
3.014
2.919
2.709
2.903
2.387
3.584
4.022
5.465
3.087
3.748
1.900
1.054
1.618
1.344
2.336
1.789
1.412
2.289
2.346
2.802
3.382
4.946
3.569
1.984
1.325
2.212
2.418
2.950
0.887
1.450
0.914
2.517
4.163
4.668
4.831
2.950
1.834
2.733
3.747
3.159
3.022
2.450
3.311
2.648
3.622
3.777
4.833
2.719
1.066
1.295
1.854
1.134
2.550
2.977
3.701
2.515
2.995
1.564
2.650
3.920
3.282
2.613
2.229
3.788
2.385
2.278
1.754
1.370
2.504
2.555
3.126
4.977
5.214
4.951
3.746
1.649
1.688
2.213
2.676
3.673
4.171
2.735
2.025
1.980
2.681
2.032
3.290
3.536
3.468
7.138
1.148
1.809
3.671
2.962
2.702
2.295
1.583
2.691
3.016
2.647
2.605
1.868
2.785
2.831
4.417
3.653
3.488
2.865
3.258
3.271
1.588
3.197
2.735
2.053
3.099
1.734
2.673
3.757
3.054
2.611
4.124
3.680
1.959
2.088
1.488
1.573
2.064
2.830
2.579
2.491
3.450
1.774
2.570
3.304
2.800
1.224
1.489
1.625
2.503
3.744
3.803
3.038
3.502
3.306
2.055
2.235
2.066
2.675
2.652
3.207
3.443
2.666
4.441
1.611
2.019
3.667
2.053
2.257
2.164
1.696
1.117
1.854
1.384
1.762
1.146
3.375
2.461
1.635
1.851
1.546
2.835
2.247
3.865
4.949
2.100
2.168
2.980
2.935
3.042
2.216
3.177
1.920
1.570
0.879
2.063
1.791
1.208
1.936
1.773
2.102
1.981
1.918
2.117
2.282
2.524
2.562
2.138
2.536
2.748
3.382
2.896
2.657
1.860
1.945
2.678
1.334
1.633
2.680
2.646
1.684
2.411
2.480
1.874
2.356
2.123
1.927
1.543
2.151
1.316
2.985
3.760
3.032
0.911
1.042
1.787
2.143
2.305
2.047
2.167
2.124
2.648
2.206
1.337
1.970
2.819
1.894
2.301
2.753
2.023
3.766
4.753
2.835
4.855
4.103
2.481
2.943
3.554
4.042
1.979
2.564
1.446
1.188
3.610
2.429
1.977
2.388
2.907
1.658
1.857
2.367
2.136
1.834
1.394
2.550
4.826
2.675
1.249
3.078
3.847
4.343
3.262
2.651
1.642
1.073
1.372
2.671
3.778
4.561
3.337
1.544
1.683
2.447
1.936
1.768
2.641
1.631
2.115
1.813
1.615
2.091
2.817
4.181
2.752
2.669
2.552
2.233
3.763
4.830
4.470
3.117
4.710
2.651
1.658
1.644
2.929
3.201
2.683
2.766
1.862
2.453
2.967
1.997
3.326
3.465
4.439
4.082
2.644
2.648
4.422
1.951
2.387
3.034
3.940
3.504
2.822
4.945
3.298
3.624
3.892
4.765
2.548
3.841
2.704
3.595
3.640
5.884
3.489
5.741
3.738
3.621
4.317
2.178
1.960
1.387
1.661
4.442
3.239
2.820
4.842
4.345
2.222
4.572
3.343
2.286
1.908
1.769
2.816
1.811
2.627
3.392
1.653
2.816
2.513
2.666
1.223
1.241
1.817
2.946
3.998
3.535
2.528
2.963
2.450
2.339
3.461
5.546
4.911
3.982
3.128
4.775
3.158
3.479
1.499
2.795
2.926
3.087
4.280
4.218
5.212
5.825
4.004
5.225
2.763
2.316
2.098
2.696
4.024
1.822
3.457
4.467
2.747
1.955
2.072
3.458
3.056
2.786
2.298
3.332
2.011
1.284
1.209
2.116
3.343
2.122
5.215
5.398
6.036
4.924
3.312
2.485
1.603
1.596
2.430
3.402
4.354
3.792
2.386
3.356
2.528
3.699
4.510
2.840
2.199
1.821
2.213
2.126
3.125
2.398
1.793
2.478
3.393
2.853
2.002
3.772
3.529
1.858
2.619
2.496
4.058
3.788
3.514
3.405
1.993
2.935
2.266
3.734
2.644
2.116
2.481
1.665
3.837
4.023
2.423
1.651
1.375
2.164
1.408
1.888
1.501
2.300
2.013
1.967
2.731
3.393
2.175
3.264
2.814
2.528
5.546
6.634
5.157
3.848
5.013
4.051
4.328
2.907
1.937
1.437
1.726
1.529
1.464
2.264
3.502
3.457
3.407
3.863
3.312
2.392
2.055
1.075
1.828
3.006
4.115
3.545
3.983
2.433
1.395
1.607
2.188
1.946
2.068
4.634
2.814
3.010
3.131
1.441
1.507
2.852
2.077
1.284
2.176
2.044
2.745
2.269
4.003
4.933
4.098
2.099
1.788
1.937
2.335
2.343
3.222
2.054
2.521
3.467
2.823
1.638
1.627
1.873
1.910
3.113
3.274
2.863
2.593
2.690
2.699
2.009
1.329
1.665
3.107
3.634
3.222
2.028
2.271
3.794
2.971
2.787
2.856
2.488
3.600
3.231
3.101
2.280
1.714
1.796
2.350
2.293
2.805
2.402
3.654
1.761
2.026
3.351
2.195
4.339
2.736
1.729
2.627
1.793
2.896
2.650
2.539
1.176
1.838
2.558
2.792
2.257
2.331
1.931
3.273
2.806
1.848
1.184
1.451
2.597
2.120
2.086
3.350
2.064
1.185
1.417
1.786
1.567
3.323
2.434
2.733
2.891
1.351
1.812
3.027
3.020
3.133
2.062
2.875
3.706
3.936
1.886
1.534
2.151
5.605
2.744
2.871
2.710
1.229
1.354
2.336
2.624
2.400
5.667
5.239
5.556
2.296
2.411
1.388
2.422
1.953
2.997
6.667
4.221
2.091
1.808
4.302
5.713
3.845
5.478
2.200
3.478
4.162
6.388
4.897
4.603
1.952
2.917
2.956
1.530
0.977
0.806
2.626
2.940
1.435
1.536
1.424
1.456
1.745
3.326
4.328
3.528
4.144
3.574
4.266
2.431
2.968
3.289
1.784
2.511
1.632
1.569
1.394
2.190
2.280
1.966
4.301
4.730
3.617
1.960
2.294
1.937
1.351
2.808
2.507
3.384
3.578
1.837
2.376
1.403
1.816
1.791
2.550
2.099
2.222
2.659
3.423
1.811
1.952
2.561
4.221
5.931
3.501
5.135
4.149
4.850
2.361
2.626
3.412
5.160
2.679
4.683
5.771
4.786
4.660
4.055
4.551
2.504
2.916
2.045
1.727
2.782
3.577
4.774
4.133
3.867
3.635
2.336
4.793
8.527
7.160
3.036
2.759
4.687
2.770
2.548
3.273
2.271
2.845
2.284
1.900
1.377
3.071
2.073
1.465
1.721
3.376
3.552
4.091
6.552
4.231
7.198
4.553
3.418
3.191
2.852
3.044
4.351
6.032
5.818
2.544
1.110
2.393
1.986
3.293
2.748
2.484
2.886
3.885
3.515
2.253
2.348
1.984
1.392
2.824
2.352
2.627
3.429
2.279
2.562
5.092
5.798
4.613
2.403
2.545
2.416
4.474
3.794
2.656
2.477
2.482
2.912
2.335
3.887
2.788
3.263
4.392
3.907
4.159
4.979
3.463
3.988
4.015
2.295
2.014
3.117
4.963
3.631
3.772
2.239
2.765
1.874
3.264
3.394
4.987
3.205
2.769
4.157
2.484
2.539
2.126
3.086
3.490
2.338
2.503
4.464
5.916
2.113
2.361
2.389
2.877
2.577
1.636
1.751
1.746
1.496
2.700
2.875
2.692
2.153
0.867
1.104
2.030
2.429
2.802
1.822
1.900
2.541
2.731
1.792
2.613
2.577
2.849
1.958
2.348
2.402
2.372
5.525
2.262
3.534
3.494
3.926
4.145
1.785
3.287
2.342
3.442
2.313
1.914
2.706
2.738
2.075
1.930
1.833
1.588
2.845
5.276
1.338
2.007
4.778
3.046
1.801
2.292
3.185
2.142
3.045
3.362
3.063
2.059
2.743
3.582
3.565
2.809
1.875
2.266
1.829
2.233
2.523
1.958
2.775
3.539
3.651
2.709
2.144
1.927
2.527
3.312
2.490
2.416
2.270
1.140
2.392
2.218
2.554
1.322
3.147
2.387
2.308
2.322
2.738
2.272
2.734
2.402
1.411
1.026
1.505
1.716
2.226
2.119
2.182
2.145
2.171
1.679
1.909
2.101
2.180
1.551
1.652
1.794
2.250
2.311
1.604
2.004
2.503
2.452
4.787
2.018
3.047
2.549
2.244
2.197
2.751
2.977
3.627
3.568
3.074
2.659
2.316
2.938
2.560
3.151
2.464
2.020
2.614
1.307
1.663
3.035
2.152
1.879
2.282
1.854
1.876
1.863
2.992
4.722
1.994
2.443
2.276
3.108
1.472
5.223
2.220
1.985
3.091
1.713
1.503
2.649
2.540
4.162
5.038
4.847
2.200
2.016
1.394
1.249
1.735
2.193
2.196
1.881
2.441
3.077
2.572
2.604
2.501
1.662
2.594
2.189
2.146
1.752
1.904
2.644
2.323
1.771
1.528
1.624
4.975
5.871
3.230
3.406
2.958
1.529
2.376
2.226
2.679
2.777
1.479
3.677
3.562
2.222
1.893
4.012
5.530
7.738
4.453
1.771
2.383
2.936
3.137
3.131
1.340
2.188
2.756
3.983
2.823
2.079
3.355
2.528
2.885
2.575
2.416
2.868
2.430
2.518
1.950
1.258
1.501
1.111
0.764
2.386
4.058
3.628
3.037
3.053
2.513
4.231
2.784
3.146
3.148
3.762
3.654
3.757
3.666
2.255
2.827
1.841
3.428
1.774
1.883
3.052
3.128
2.583
2.037
1.464
2.485
4.020
3.866
4.274
3.733
3.717
3.692
3.785
3.622
2.490
1.910
2.653
2.323
1.469
2.739
5.712
5.751
5.025
3.709
1.570
1.369
3.620
4.985
5.892
3.011
4.856
2.167
5.989
5.111
4.376
5.225
5.355
5.823
4.631
3.723
3.727
2.393
3.841
2.861
1.515
2.417
3.429
3.070
3.791
3.344
2.993
2.762
2.735
3.415
5.128
3.077
4.233
3.101
3.492
3.101
2.488
3.459
3.262
2.733
2.912
4.404
3.364
3.322
2.921
2.711
3.787
2.318
3.186
3.735
3.164
3.017
2.404
4.278
1.955
2.717
2.660
1.540
2.576
1.784
2.612
2.732
4.126
3.756
3.465
4.745
4.644
3.067
1.971
2.350
3.741
3.878
4.610
4.746
6.042
4.237
2.494
4.454
3.546
3.335
3.261
2.551
2.617
2.723
4.756
4.071
2.078
2.602
2.858
3.129
3.260
2.487
2.066
3.562
2.845
4.135
1.576
4.870
6.405
4.920
4.626
3.382
2.565
1.963
1.551
2.603
2.161
1.737
2.575
2.799
1.259
2.342
1.996
2.165
2.680
3.074
1.324
2.033
3.212
3.777
3.524
1.721
3.604
2.850
3.340
2.782
3.246
2.527
1.568
2.582
2.836
2.655
2.496
2.368
2.715
2.773
1.186
1.006
3.030
1.876
2.472
2.247
2.075
2.514
1.776
1.914
1.943
1.297
1.768
1.897
1.232
1.986
1.601
1.201
1.778
2.581
1.953
1.657
2.179
2.586
2.465
2.554
1.709
1.627
2.771
1.997
2.310
3.491
2.211
2.701
3.083
2.453
2.258
2.146
2.613
2.169
2.913
2.444
2.200
1.728
1.347
1.849
1.835
2.188
1.471
2.337
2.429
2.188
1.967
2.302
2.054
2.100
2.342
2.620
2.441
2.041
2.127
1.544
2.487
2.518
2.058
2.301
2.738
2.339
2.436
1.390
1.316
1.762
3.487
3.446
1.665
1.486
1.476
2.324
2.259
2.771
2.803
1.747
2.186
2.134
2.289
1.922
2.169
2.487
3.146
3.152
4.177
4.348
2.810
2.537
3.910
2.366
2.358
2.607
2.309
1.637
4.682
2.157
2.607
2.834
2.314
2.356
3.524
2.468
2.145
1.270
1.911
3.441
4.791
2.754
2.250
1.538
1.554
2.648
1.932
1.471
3.340
2.866
2.621
2.277
2.888
1.648
2.346
2.727
2.778
2.356
1.694
1.909
2.107
2.392
2.442
2.382
1.873
1.240
1.458
1.640
2.034
1.903
1.966
1.979
1.454
2.079
2.718
4.026
2.626
1.947
2.132
1.929
2.221
1.535
1.078
2.636
3.746
5.292
5.140
3.585
2.171
3.248
2.279
1.774
4.078
5.542
4.595
3.113
1.246
3.026
4.281
3.034
5.161
4.051
4.362
2.988
2.650
1.238
3.762
4.912
5.939
5.233
2.132
1.093
2.001
1.802
2.086
2.315
2.087
2.040
2.532
4.059
4.962
1.786
1.590
1.228
3.159
3.750
2.586
5.282
5.372
4.263
2.017
1.798
3.782
2.305
5.147
4.617
3.109
2.135
2.516
3.110
1.592
1.839
3.942
3.712
1.360
1.751
1.968
1.525
3.037
5.857
4.954
1.928
5.722
6.548
6.396
5.975
2.669
3.378
1.357
1.874
3.429
2.510
1.767
1.553
2.266
3.387
5.645
3.649
2.307
2.613
1.131
1.423
3.069
2.229
3.781
5.687
5.568
2.302
2.064
2.256
2.017
2.224
3.484
2.663
1.992
1.711
4.843
4.088
2.953
1.993
3.168
5.463
4.117
1.620
2.025
2.960
2.280
1.558
2.396
3.540
4.087
2.549
1.262
1.821
4.286
4.258
2.966
2.155
2.373
1.780
2.746
2.578
2.065
1.797
2.233
2.632
2.285
3.711
4.334
2.247
1.751
2.034
1.903
1.153
2.010
2.217
1.907
2.573
1.314
2.792
2.882
1.803
2.774
2.749
2.656
2.057
2.739
3.293
1.948
1.595
2.452
1.837
1.762
1.506
1.420
2.137
1.804
1.902
2.169
2.357
1.615
2.332
1.753
3.519
4.470
3.877
4.624
5.793
1.871
2.343
2.070
2.800
1.963
1.960
2.722
2.026
4.912
1.848
1.824
1.915
3.557
4.373
1.867
1.602
1.622
1.594
2.694
2.836
1.814
1.883
2.780
3.212
6.116
5.286
2.202
1.337
2.074
2.454
2.329
4.125
3.406
2.896
4.512
2.448
2.488
2.648
2.866
1.602
2.567
2.080
2.020
2.548
2.370
2.453
1.878
1.468
1.313
2.010
2.319
2.387
2.575
1.997
2.600
2.813
3.032
2.415
2.161
3.710
3.029
1.720
2.829
2.786
2.404
1.826
3.368
3.287
2.044
2.097
1.277
2.060
2.702
1.998
2.499
5.512
4.133
3.087
2.272
1.617
2.038
2.101
1.866
2.304
1.705
2.784
2.563
2.972
2.459
2.278
2.794
4.178
3.247
2.370
2.529
1.401
1.983
2.943
2.143
1.892
1.775
2.731
2.733
2.197
2.242
1.798
1.986
1.982
2.100
1.765
2.136
1.187
2.325
1.891
2.096
2.004
2.033
2.841
2.761
1.723
2.436
1.353
1.379
1.950
1.382
1.178
2.068
1.154
1.659
1.748
2.596
2.805
2.244
2.387
2.437
3.448
3.490
2.563
2.173
1.095
2.099
2.701
4.358
4.269
1.630
1.577
0.979
2.613
4.367
1.811
1.727
1.307
3.123
2.334
1.449
1.146
2.323
2.313
2.620
2.819
5.957
3.237
2.192
2.616
2.556
2.068
1.982
2.082
1.763
1.822
1.480
2.081
5.289
5.842
4.212
2.341
2.789
1.561
3.220
3.285
4.313
1.924
1.582
2.231
2.301
1.907
2.162
3.677
4.324
3.016
2.992
3.847
2.443
3.148
3.438
3.648
3.425
4.087
2.815
2.165
4.218
8.559
9.255
4.498
2.651
3.017
4.135
3.937
4.572
3.787
3.110
3.183
2.164
3.039
3.103
3.543
2.554
2.633
2.783
3.530
3.052
3.407
4.165
3.329
5.244
4.097
4.058
3.273
3.709
5.759
4.634
2.911
3.105
4.000
1.444
2.326
2.845
3.302
2.829
3.762
2.597
1.299
2.762
3.337
1.345
2.475
2.795
2.252
1.944
1.408
2.034
2.058
2.040
3.012
4.694
3.263
1.571
2.103
2.212
3.613
3.416
1.475
1.131
1.510
2.854
3.060
4.125
3.744
4.390
2.744
3.686
1.670
2.186
5.311
4.250
1.927
1.126
1.925
2.257
1.510
1.281
1.152
1.827
1.119
1.191
1.629
2.343
3.511
2.309
3.554
2.237
2.473
3.218
2.622
4.071
4.888
3.374
3.868
2.653
2.647
3.541
4.777
4.331
3.380
3.038
4.147
3.964
6.347
4.245
4.918
1.808
2.987
3.523
2.296
2.648
1.802
2.674
1.817
2.106
2.615
1.565
2.125
2.867
2.564
1.791
2.620
3.690
4.592
2.984
4.002
4.280
3.962
2.776
1.370
2.003
2.387
1.706
3.297
4.929
5.906
5.031
2.445
1.608
1.252
2.475
4.716
4.839
5.258
3.044
2.145
2.069
2.191
4.814
3.471
2.363
2.160
4.612
4.772
1.895
1.679
1.879
3.018
3.567
3.818
2.612
1.878
2.628
2.567
2.865
1.809
3.139
2.944
2.125
1.853
2.274
2.563
5.413
5.180
3.323
3.116
2.683
2.498
4.788
2.810
2.232
3.592
2.851
2.970
2.452
2.701
1.649
2.074
1.803
2.695
1.794
1.918
1.781
2.742
3.269
3.092
2.319
3.365
2.802
2.775
1.936
2.386
1.766
4.378
2.312
2.053
2.422
1.428
2.128
2.128
1.956
1.282
2.486
2.317
1.469
1.957
1.698
2.991
2.783
3.537
2.079
2.789
3.022
1.214
3.244
2.477
3.250
4.972
2.059
1.018
4.079
1.897
1.115
2.504
4.104
3.404
2.466
2.143
1.495
1.784
1.554
2.217
2.182
2.831
1.991
1.908
3.427
3.848
2.575
2.781
2.071
1.957
1.907
3.103
2.874
2.394
1.670
1.590
2.078
2.625
2.768
1.918
1.781
2.075
1.682
2.010
1.804
1.537
2.515
2.836
2.914
2.955
2.596
2.022
1.863
1.657
1.691
1.833
1.792
1.924
2.334
2.202
2.256
1.822
2.136
1.438
1.566
3.616
3.124
2.569
1.885
2.647
2.547
1.758
1.129
1.652
2.082
1.522
1.696
3.256
2.437
2.215
2.558
2.807
2.377
2.241
2.189
2.159
1.581
2.118
1.825
1.574
1.605
1.839
2.174
2.154
1.820
1.869
1.952
1.665
2.375
3.697
5.001
2.537
2.101
2.343
3.073
3.214
1.376
3.145
3.753
4.132
4.805
2.970
3.621
2.554
1.923
1.957
2.338
2.210
1.675
1.457
1.312
1.529
2.381
2.204
1.718
2.131
3.356
2.829
3.141
2.085
1.169
1.281
1.765
4.700
6.095
9.221
5.011
2.475
3.459
2.523
4.531
5.304
2.078
2.081
1.660
2.829
1.988
2.042
2.539
2.207
1.381
1.791
1.661
2.663
3.635
3.586
3.392
2.880
1.759
2.905
2.264
3.003
3.649
1.378
0.993
1.164
1.771
2.087
1.151
3.333
3.636
4.265
4.914
2.735
2.197
4.014
8.294
7.879
7.336
3.245
2.055
1.072
2.060
2.666
3.927
2.782
2.616
1.930
2.207
3.356
4.222
4.490
5.091
4.022
5.255
4.624
4.678
2.879
3.359
2.622
2.816
4.887
4.265
4.987
3.322
1.400
3.212
3.269
4.988
5.404
3.361
4.343
2.332
1.763
1.685
2.154
1.486
2.310
2.302
1.749
2.466
1.951
2.091
2.783
2.546
2.278
0.759
0.910
2.846
2.160
2.347
2.331
2.971
2.901
1.964
1.793
1.622
4.116
3.665
1.869
3.172
3.780
5.093
3.113
2.047
1.832
1.617
2.299
3.003
3.974
2.907
2.559
3.981
5.427
5.880
3.600
4.119
3.545
3.875
3.477
2.323
2.282
2.359
3.791
4.832
4.209
3.403
1.958
3.639
4.531
4.487
2.203
2.591
2.937
2.034
2.407
1.956
2.235
2.701
3.502
2.432
2.727
3.207
5.244
4.129
1.954
2.481
5.124
2.530
2.587
6.106
3.605
3.475
2.991
2.828
6.562
3.104
2.625
2.644
2.430
2.350
1.914
2.289
2.952
2.562
1.579
4.708
5.697
2.676
2.573
4.924
3.397
2.704
1.479
3.193
2.579
1.599
1.169
2.301
3.785
2.895
3.846
2.431
2.479
2.367
2.477
2.372
3.233
2.071
1.752
1.929
2.532
2.737
1.520
1.303
1.060
1.609
2.945
5.461
2.187
0.957
3.466
1.948
4.239
2.868
1.920
3.213
4.141
4.661
2.197
2.054
2.685
2.716
3.685
2.897
2.171
1.271
2.918
2.399
2.325
2.314
2.384
2.197
3.327
2.077
1.942
2.100
1.524
1.940
2.336
1.373
2.008
1.744
2.033
1.755
3.290
3.068
2.585
3.083
4.582
3.701
2.994
3.687
2.892
2.347
2.681
2.083
1.529
2.981
2.295
3.024
3.070
3.695
1.219
2.093
1.551
1.789
1.220
2.382
2.668
2.197
1.733
1.411
2.762
2.195
1.510
2.337
2.029
2.040
2.067
2.280
2.430
1.877
2.018
2.379
2.485
1.437
1.966
1.702
1.752
1.594
2.027
1.602
2.738
3.712
2.808
3.445
2.258
2.443
3.106
2.693
1.976
1.664
2.034
2.484
2.120
2.374
1.141
3.322
2.641
2.210
1.848
2.306
2.752
2.857
3.334
2.175
3.456
4.551
3.512
3.868
2.359
1.638
2.094
2.725
1.784
1.359
3.033
3.336
4.505
2.049
1.967
1.884
4.028
1.502
1.024
1.386
1.197
1.652
3.565
1.790
1.664
2.395
3.098
2.811
4.157
3.134
2.604
2.221
1.939
4.290
2.244
2.529
2.523
3.169
1.963
2.527
3.547
5.196
3.206
4.091
6.116
5.472
4.731
3.190
5.035
2.952
4.075
2.106
2.721
2.536
1.653
3.274
3.160
2.820
3.645
2.204
1.702
3.641
4.048
3.492
3.162
1.291
2.109
3.237
3.243
2.448
1.034
0.792
0.703
1.999
2.399
1.496
2.145
1.838
2.008
2.494
3.594
2.951
4.184
5.052
4.014
2.838
2.387
2.230
2.375
2.429
4.592
3.329
2.538
2.702
2.484
3.233
3.401
2.113
3.631
2.247
2.398
2.544
2.157
3.355
4.286
3.429
3.095
4.801
6.777
5.976
3.715
3.023
3.213
3.336
3.961
3.680
3.125
2.497
4.423
3.655
2.848
3.235
3.619
3.452
5.146
4.721
2.543
2.780
3.970
2.339
1.662
3.022
2.549
3.231
3.022
4.431
4.240
5.407
5.519
2.523
0.724
1.513
2.576
4.027
6.060
5.107
4.105
4.472
3.900
3.635
3.758
2.704
2.303
2.495
1.630
4.385
5.034
3.886
3.888
3.910
3.934
5.357
5.851
2.926
1.396
3.128
4.426
1.864
2.881
3.733
4.220
6.323
2.158
2.129
2.784
3.384
5.386
4.306
1.877
3.363
1.963
2.631
1.278
2.074
1.865
1.860
3.049
3.473
1.842
2.722
3.203
3.088
6.268
5.144
3.888
2.552
1.493
1.061
1.886
2.718
2.334
1.721
2.476
1.720
3.513
2.656
3.578
2.051
1.276
2.552
1.654
3.311
4.470
3.699
2.706
2.356
2.409
2.176
1.712
3.676
1.651
2.174
1.856
2.132
3.161
3.275
1.576
3.118
1.936
1.532
1.508
2.863
4.800
2.052
1.281
2.046
2.513
1.965
3.282
1.714
2.061
2.877
2.195
2.355
2.373
4.517
3.956
4.932
2.746
4.599
3.264
1.827
2.032
1.772
1.713
2.300
1.846
1.960
2.063
1.527
2.223
2.912
1.363
2.699
2.263
2.489
1.810
2.730
1.819
2.707
1.956
2.259
1.994
1.201
1.766
1.780
1.733
2.678
2.040
1.799
3.144
3.916
2.154
1.185
2.159
2.462
2.617
1.906
2.100
1.536
1.295
2.278
2.575
3.315
3.904
2.665
3.075
2.971
1.990
1.794
1.541
2.011
2.435
3.477
2.727
1.580
1.898
2.618
2.234
1.822
1.850
2.845
2.655
2.277
2.665
3.006
2.091
2.132
2.265
2.677
2.057
2.594
2.525
2.409
2.232
1.775
2.216
2.177
2.945
2.086
2.217
2.101
2.384
2.449
1.781
2.407
1.237
2.109
1.739
1.369
1.460
2.095
1.880
2.163
1.615
2.684
2.019
1.747
2.086
1.883
1.952
1.834
2.889
2.689
3.031
2.022
1.908
1.788
1.853
1.480
2.637
2.818
1.731
2.343
2.146
2.658
2.991
2.148
1.676
2.167
5.629
5.832
1.757
2.593
2.715
1.541
2.955
2.454
1.410
2.484
2.366
3.763
2.612
4.148
3.627
2.378
2.160
2.055
1.365
2.969
2.864
2.690
1.608
1.458
1.923
1.859
1.883
1.679
1.872
2.024
2.213
4.119
6.473
5.032
4.532
6.039
4.827
1.966
2.449
2.723
2.094
4.559
2.635
3.837
2.783
2.497
2.894
3.975
3.543
2.916
2.863
3.279
2.846
2.149
3.607
3.005
1.785
2.552
2.433
2.458
2.766
3.200
1.688
2.150
2.318
4.048
2.707
1.381
3.453
2.844
4.349
4.965
3.009
3.688
3.800
4.542
3.415
4.083
2.515
3.357
2.962
4.463
2.640
2.866
4.900
4.379
4.561
2.594
2.782
2.925
3.878
3.556
4.049
2.067
2.527
3.262
2.802
5.902
5.603
5.138
5.485
3.270
2.508
1.741
2.431
2.539
2.653
2.965
2.542
2.964
2.065
2.103
2.046
1.146
1.368
1.230
2.822
3.330
1.749
1.218
4.301
7.986
4.643
2.559
5.094
2.859
3.347
2.315
1.820
1.745
2.304
2.906
4.672
6.163
4.673
3.636
2.520
4.062
2.083
2.723
3.862
2.304
3.874
5.498
3.103
2.308
2.421
3.362
2.842
3.278
3.927
3.625
3.496
3.865
3.965
2.245
1.230
2.032
2.650
3.615
1.180
2.217
5.686
4.387
3.651
3.889
3.935
4.346
3.531
2.227
2.815
3.941
4.887
4.200
4.100
1.429
1.280
2.879
4.422
5.562
5.750
4.131
3.585
1.690
1.561
2.777
3.201
2.538
1.516
2.178
2.900
1.884
3.564
4.350
2.416
2.327
3.475
6.430
4.734
2.184
3.240
1.987
1.481
4.028
2.626
3.132
2.703
2.556
4.615
3.536
4.909
4.307
2.389
1.843
2.528
3.283
5.412
4.894
2.923
1.450
4.145
5.644
6.396
3.872
1.424
1.182
1.784
2.435
1.707
2.208
3.431
3.641
2.437
1.952
2.512
2.634
2.451
1.981
2.373
2.113
2.344
2.419
1.828
2.383
3.008
1.991
3.311
1.700
1.537
2.197
2.809
3.346
2.906
2.570
1.643
2.914
2.130
1.643
2.354
2.548
2.263
2.273
2.656
2.151
2.834
3.905
3.880
1.752
1.936
1.633
3.049
2.928
2.419
2.788
2.224
1.904
2.540
2.202
2.118
2.058
2.267
2.763
2.446
3.169
2.734
2.459
2.134
2.868
3.244
3.485
1.960
1.907
3.086
3.836
2.238
3.011
2.568
3.022
2.802
3.059
3.254
2.285
2.041
2.177
2.859
2.341
2.194
2.039
2.971
3.796
1.205
2.345
1.567
2.060
3.261
2.513
1.842
2.457
2.041
1.592
2.180
2.054
2.284
2.662
1.440
1.790
2.150
2.441
1.920
2.210
2.267
1.943
1.686
2.316
2.963
3.572
3.625
2.804
2.619
2.530
2.726
2.425
2.378
3.232
2.297
1.724
1.594
1.607
1.989
2.342
3.369
2.575
2.094
2.100
3.945
1.664
2.241
2.124
2.000
1.910
2.181
2.227
2.287
2.909
2.715
1.513
3.121
5.295
4.129
2.199
2.088
1.758
2.147
1.882
2.018
3.290
5.729
4.309
2.148
1.785
2.181
1.793
1.797
3.126
2.429
1.541
2.151
3.629
6.243
3.919
5.643
5.045
5.318
5.763
2.313
1.454
1.160
2.913
2.720
2.433
2.407
2.253
2.698
3.129
2.373
2.716
2.094
6.064
4.368
1.654
4.925
4.527
2.506
3.212
7.409
3.713
3.817
2.323
1.000
2.797
5.914
7.433
3.357
1.511
2.832
2.696
1.973
2.984
2.251
1.919
4.291
6.496
3.263
1.938
2.965
2.226
3.420
4.831
3.251
5.066
3.597
1.916
3.019
3.529
4.320
5.441
5.346
1.572
2.611
3.451
2.999
3.453
2.587
3.184
4.197
2.461
1.793
2.838
1.761
2.610
3.627
4.297
5.113
4.799
2.346
2.747
2.341
2.681
2.177
2.137
4.769
5.135
2.219
4.192
6.014
4.006
1.099
2.236
3.160
4.031
2.429
2.005
2.611
2.932
3.495
2.487
3.283
2.066
3.036
1.185
1.337
4.038
3.645
5.753
2.973
1.924
4.441
3.804
2.235
3.184
2.904
3.405
2.588
3.537
3.720
3.961
5.129
6.994
6.960
2.406
1.457
2.827
3.616
1.726
2.326
3.235
2.692
2.125
2.115
2.269
4.475
4.310
5.364
4.516
1.642
1.904
2.167
4.259
5.353
1.577
3.476
4.132
3.297
2.397
2.113
4.013
5.944
2.217
3.042
3.338
4.545
3.079
3.459
3.289
3.996
3.987
2.554
3.676
1.603
3.971
4.861
3.717
4.548
1.934
2.737
1.769
2.708
4.024
3.336
1.826
1.697
3.757
2.428
3.590
3.214
2.964
3.129
3.078
2.296
2.534
2.853
3.143
3.526
2.930
3.683
2.922
2.204
2.034
2.642
2.869
3.044
2.661
1.676
2.117
4.513
1.930
2.087
1.908
4.081
5.861
4.960
4.543
4.594
2.781
2.635
2.133
2.142
2.192
2.257
2.490
2.831
2.395
1.790
3.739
3.574
4.073
3.710
2.620
2.148
2.384
2.502
2.393
1.458
1.807
1.253
1.818
1.864
2.750
2.975
2.647
3.662
3.150
2.583
4.004
3.814
2.167
3.030
1.788
1.861
1.240
1.844
3.236
1.618
1.561
1.965
2.687
1.932
3.016
3.886
3.114
2.076
2.602
4.098
2.331
2.334
2.309
2.352
2.264
2.029
2.386
2.039
2.236
2.320
2.438
2.478
2.321
4.487
4.277
2.731
1.861
1.843
2.309
1.124
2.447
4.607
3.652
2.288
1.883
1.936
0.730
3.866
2.287
2.050
2.120
1.927
2.393
2.198
2.286
1.915
1.759
2.480
2.455
2.040
2.606
2.206
1.905
2.235
1.375
1.983
2.323
0.722
2.090
2.457
1.831
2.176
2.250
2.549
2.370
1.899
2.774
2.350
2.062
1.441
2.237
2.420
2.470
2.648
2.514
3.152
1.969
2.462
1.954
2.450
2.392
1.831
1.642
2.118
4.078
2.263
3.059
4.488
4.559
3.970
2.655
3.600
2.910
2.789
2.233
3.111
2.476
1.721
4.570
3.008
2.246
1.834
3.370
2.352
2.345
1.747
2.044
2.194
4.132
1.720
2.841
3.549
2.841
1.972
2.445
2.387
3.748
3.236
2.258
1.904
1.674
1.973
2.274
2.290
1.991
1.610
2.591
2.836
2.827
5.541
2.097
2.113
1.395
1.943
2.407
1.915
1.882
1.998
2.842
2.960
4.012
3.330
1.972
1.913
1.903
1.751
2.622
3.660
4.687
4.290
2.989
2.480
1.389
2.257
3.294
2.474
1.243
2.334
1.801
1.210
1.129
1.967
4.185
5.485
4.451
3.118
2.198
2.115
2.603
2.399
2.640
1.149
1.538
1.918
2.036
2.672
5.645
3.323
2.360
2.331
1.985
1.372
2.178
4.601
3.061
2.470
1.571
1.031
1.114
2.382
2.925
3.249
3.500
2.745
2.863
4.189
3.692
3.349
4.689
4.965
3.639
3.217
2.384
2.867
1.844
2.628
1.081
2.216
2.276
2.559
3.143
2.368
2.029
1.872
2.027
1.625
2.044
2.119
1.246
2.116
2.704
3.449
4.249
3.084
4.295
3.948
3.328
3.886
5.262
4.058
4.182
4.083
2.735
1.899
4.901
6.196
2.649
3.994
2.705
2.390
2.969
3.166
4.577
3.392
4.632
3.472
2.397
2.934
3.484
2.786
1.896
3.929
4.422
4.279
2.951
4.720
5.311
4.350
4.265
3.128
2.911
2.075
1.533
2.167
2.563
4.363
3.801
4.127
2.481
2.955
2.608
3.842
4.115
3.309
4.632
2.832
2.357
3.474
3.104
3.993
5.434
4.342
5.331
5.410
4.920
2.831
1.820
2.402
2.655
3.888
2.988
1.711
1.717
3.057
4.009
3.034
1.952
1.969
1.834
1.636
2.836
2.304
4.599
3.389
3.392
2.488
2.261
1.535
1.394
1.325
2.098
2.787
2.062
1.913
1.866
2.829
1.698
2.379
3.828
4.389
2.899
2.821
4.315
5.086
4.637
2.368
1.353
1.397
3.143
4.900
4.154
2.557
2.164
2.119
1.925
2.647
2.016
1.973
2.397
2.311
2.379
1.903
2.636
4.379
4.033
2.163
2.123
1.130
1.832
2.694
2.304
1.929
1.680
1.889
2.583
2.533
2.371
6.199
3.390
2.943
1.443
1.987
3.139
1.932
1.353
2.888
2.429
2.343
2.509
2.564
2.323
2.219
2.349
1.667
2.032
2.441
3.361
2.248
1.994
2.657
2.820
2.767
1.724
2.372
2.512
2.205
3.205
2.061
2.294
1.962
2.479
2.982
3.501
2.311
1.114
2.397
1.842
2.826
2.020
2.978
3.014
2.158
2.552
2.821
2.658
2.302
3.248
3.108
2.579
2.465
2.350
2.273
2.352
1.550
1.452
1.843
2.114
1.881
0.974
2.654
3.372
1.873
1.483
2.178
3.036
5.121
2.961
2.341
2.396
1.983
2.246
1.731
2.821
2.384
1.596
1.812
1.650
1.825
2.551
3.588
1.664
1.634
1.711
1.845
2.532
2.333
2.271
3.144
2.152
1.577
1.797
1.409
2.334
3.216
2.362
2.444
3.125
2.719
2.113
2.363
1.669
2.173
2.309
2.588
2.707
1.747
2.114
2.391
2.997
2.344
2.375
2.715
2.056
2.249
1.842
1.831
2.027
2.057
1.904
1.986
3.222
2.045
2.280
3.357
3.611
2.032
2.501
1.902
1.738
2.163
4.088
3.181
3.194
3.063
2.626
5.410
3.206
3.804
2.357
4.595
4.644
5.070
4.644
2.695
2.960
2.067
2.114
2.706
3.147
3.262
3.233
2.063
3.051
3.156
4.818
2.540
4.103
3.222
4.394
7.297
7.954
7.044
2.895
1.483
1.800
2.791
6.817
3.565
3.457
6.048
5.434
1.475
1.975
3.609
2.451
2.195
2.574
2.565
2.201
1.652
1.933
2.281
1.764
1.941
2.044
3.186
3.056
3.684
1.735
2.826
2.152
2.495
1.887
2.330
1.665
2.818
2.790
3.472
3.488
1.964
1.069
3.015
6.040
4.032
3.511
4.186
2.525
3.081
5.606
4.418
2.255
2.977
1.671
3.240
2.628
1.517
1.191
2.434
1.887
3.275
2.757
2.819
2.164
3.831
1.764
3.900
2.738
5.354
1.698
2.519
3.175
1.365
2.354
3.269
4.263
3.807
2.921
2.885
1.442
2.884
4.632
3.484
4.320
4.115
2.335
2.583
1.394
1.425
1.320
1.707
1.967
1.890
1.676
2.863
2.601
2.168
2.406
3.058
2.227
2.217
2.089
3.247
5.017
5.467
4.233
2.185
2.548
2.347
2.442
1.313
2.611
2.313
2.506
2.256
2.457
2.741
3.655
3.721
3.595
2.056
2.610
2.121
1.585
1.485
1.616
2.085
1.910
1.751
1.933
3.028
1.511
2.556
3.625
2.064
1.235
2.473
1.951
3.238
3.577
3.425
3.294
4.152
5.484
3.873
1.809
1.440
4.012
1.763
2.357
1.775
3.927
3.534
3.128
3.084
2.158
2.776
5.689
2.315
1.766
2.064
1.629
2.136
4.225
2.858
3.926
3.650
6.033
1.387
3.262
2.700
4.046
4.363
4.169
2.386
2.953
1.601
0.524
1.448
1.894
2.600
2.730
2.213
1.890
1.962
2.056
2.997
2.871
2.847
2.325
1.896
4.159
2.506
1.774
1.778
1.844
1.597
1.703
1.673
2.490
2.543
2.013
2.325
2.288
2.017
1.712
2.194
1.509
1.873
2.338
2.443
2.306
1.662
2.299
2.539
1.987
3.081
2.773
3.799
2.879
2.625
2.967
3.117
2.626
2.449
2.352
1.461
1.797
2.689
2.375
1.927
1.683
2.354
2.305
2.008
2.479
2.363
2.335
2.861
2.599
2.587
2.800
2.848
2.888
2.515
2.012
1.836
2.682
2.951
2.240
1.608
2.306
2.232
1.677
1.708
3.082
2.167
2.382
2.190
2.691
2.201
2.665
2.551
2.700
2.375
2.044
2.191
2.092
2.378
2.346
2.307
2.584
2.408
2.528
2.690
1.929
2.427
2.511
2.387
1.479
1.278
1.700
1.924
1.757
2.421
2.436
2.610
2.740
4.595
2.248
2.478
2.242
1.778
2.594
2.614
2.267
1.824
2.604
2.115
2.350
2.421
3.752
3.868
2.522
2.878
2.512
2.242
1.902
2.368
2.274
2.559
2.529
3.539
2.687
2.885
2.526
2.344
1.658
2.199
1.869
2.131
4.296
2.955
2.183
2.566
3.997
3.419
4.080
4.806
5.112
2.375
1.775
1.767
1.788
1.952
2.611
2.728
2.962
4.422
2.239
3.459
3.008
1.839
2.981
2.634
2.211
2.091
1.937
3.180
4.065
2.576
7.732
3.133
1.818
3.097
2.076
2.222
1.679
3.333
5.043
3.469
2.753
2.232
2.455
2.302
2.093
2.604
4.586
2.974
2.791
2.564
2.318
4.177
5.345
5.886
5.339
2.595
3.249
4.902
2.959
2.026
4.289
6.832
7.250
5.452
5.906
1.859
3.607
3.191
2.028
3.986
5.164
2.827
2.760
3.444
5.525
6.450
5.751
2.078
3.475
2.633
3.059
5.029
4.099
2.895
1.467
2.280
3.836
4.491
6.168
2.160
1.302
1.866
0.908
1.772
1.347
2.993
4.088
1.558
2.239
3.357
3.505
3.817
3.999
4.324
5.548
3.950
4.735
5.222
3.965
3.361
2.438
4.572
3.075
2.223
1.545
2.076
2.861
4.587
2.897
2.739
3.499
3.308
5.138
4.411
4.305
2.742
3.139
3.769
3.531
4.154
5.358
6.031
2.619
4.837
3.456
2.060
1.318
1.845
1.620
2.603
2.277
3.491
4.392
7.448
4.114
3.036
3.315
2.558
2.721
2.493
2.581
2.922
2.954
2.402
2.585
2.300
1.944
2.148
2.646
3.832
2.805
2.794
2.089
4.488
4.696
2.442
2.453
3.172
2.451
4.581
2.815
3.866
4.033
2.917
3.724
3.806
3.509
2.634
1.685
1.601
2.170
4.676
3.425
2.801
4.852
2.151
1.864
3.368
2.906
3.261
2.453
3.124
2.006
2.107
2.800
2.706
2.364
3.737
3.936
1.729
3.105
2.714
1.213
1.812
2.611
2.032
2.573
2.661
2.291
3.336
4.170
5.481
4.913
1.725
1.509
4.267
4.175
3.029
2.457
2.838
1.418
2.550
1.418
1.599
1.691
2.720
2.363
1.207
3.478
2.054
2.479
2.124
2.515
2.262
2.991
2.907
1.953
1.696
2.350
1.848
2.335
2.337
2.558
2.012
1.081
1.997
2.972
2.494
3.001
2.276
2.613
2.183
1.520
1.694
2.575
2.998
2.518
2.872
2.359
2.366
2.495
3.317
1.565
1.899
1.523
1.886
2.879
2.144
2.757
2.032
3.174
2.483
2.593
2.099
2.516
2.270
2.039
1.577
2.886
2.576
3.042
5.372
2.115
1.897
2.515
2.521
2.314
2.395
2.749
1.779
2.157
2.209
1.462
2.627
1.650
2.470
2.360
2.377
2.333
2.602
2.370
2.541
2.407
2.628
2.184
2.214
2.547
2.739
2.361
1.992
2.387
1.148
2.291
2.791
2.458
1.924
2.538
3.045
3.494
2.146
2.945
3.622
4.288
2.086
2.145
2.809
2.066
3.045
3.123
1.264
3.515
2.435
1.617
1.437
1.792
1.991
1.501
2.207
2.100
1.810
2.499
2.488
2.509
1.954
2.376
2.708
2.080
2.026
2.725
2.508
1.548
2.496
2.095
2.049
1.994
1.456
3.997
4.378
5.408
3.682
2.736
2.228
2.299
2.047
2.787
2.260
2.038
2.064
1.664
2.611
2.879
2.001
1.589
2.198
1.892
1.944
1.804
1.600
2.291
3.134
3.092
2.216
2.513
3.152
3.317
3.984
1.984
1.698
1.825
2.955
2.197
3.477
3.176
5.432
5.587
2.713
1.920
4.206
4.311
4.936
3.352
2.061
2.383
3.361
3.039
1.983
2.030
1.833
2.393
3.926
4.842
1.876
2.105
2.897
4.122
5.973
4.211
2.860
3.743
4.136
1.402
2.322
2.498
2.047
3.404
3.032
3.592
4.792
3.953
1.836
2.191
1.474
1.472
3.412
2.595
4.254
3.163
3.945
2.838
1.891
1.604
2.691
3.376
3.270
5.109
3.584
3.309
2.371
2.348
4.031
3.958
5.583
2.039
2.097
1.714
3.389
1.499
2.385
2.443
3.899
3.954
3.770
3.450
3.883
3.554
4.224
2.770
3.736
2.252
2.761
2.450
2.091
1.923
2.375
3.122
4.296
2.853
4.902
6.115
4.564
2.047
3.141
3.447
4.021
2.210
1.772
1.647
1.418
3.124
4.998
4.659
4.794
1.485
2.270
3.247
3.561
2.401
1.427
2.561
3.149
4.388
5.034
3.832
3.263
3.623
1.889
1.129
2.084
2.575
2.534
1.462
1.494
1.854
2.109
2.144
2.740
2.473
2.262
1.923
3.175
1.896
1.858
2.990
3.018
3.781
4.303
3.380
4.298
4.605
2.625
2.808
2.527
3.365
3.546
2.683
2.343
0.965
2.197
3.608
1.657
2.483
1.940
3.302
2.205
1.320
1.397
2.234
2.112
2.293
3.721
3.682
3.129
2.024
3.046
3.941
3.159
3.253
3.600
3.180
2.394
1.655
1.422
3.476
4.588
2.751
2.027
2.523
3.044
2.844
1.406
2.704
3.562
3.536
2.436
2.677
1.500
2.117
2.312
3.167
2.770
1.976
3.154
2.920
3.258
3.703
3.530
2.229
2.161
2.497
2.518
2.844
3.951
1.968
2.372
1.458
3.489
2.428
2.109
2.636
2.494
3.219
1.792
2.131
2.213
2.433
2.705
3.006
3.378
2.534
1.995
2.057
2.461
2.379
2.871
2.135
3.025
2.724
2.793
2.453
2.173
1.927
3.082
3.611
1.946
2.006
1.945
1.722
2.138
2.744
2.643
1.823
2.451
2.016
1.710
1.976
2.625
2.626
2.552
2.453
3.436
2.253
2.366
2.161
2.633
2.076
1.890
1.954
2.617
2.025
3.514
2.375
2.790
2.578
2.629
3.250
3.193
2.476
3.466
2.898
3.281
2.941
1.675
1.705
2.544
1.536
2.218
2.751
3.314
1.982
1.692
1.438
1.846
2.719
2.802
2.129
2.719
3.174
2.636
2.397
2.962
2.266
1.936
2.051
2.458
3.185
2.813
2.440
2.245
1.904
1.917
1.747
1.847
3.658
1.682
1.816
1.794
1.524
2.123
1.567
1.817
2.349
2.350
2.051
1.877
2.504
2.756
4.056
4.100
3.663
3.464
2.049
1.516
2.218
1.840
2.248
2.399
2.590
3.444
3.201
2.034
1.906
2.092
1.821
1.872
1.991
2.163
1.690
1.464
1.789
2.839
2.435
1.522
2.704
2.312
2.528
2.418
2.924
3.740
2.210
1.795
2.568
3.421
2.785
2.298
1.783
2.163
1.423
2.035
2.422
3.101
2.215
2.968
2.986
2.720
1.926
3.406
2.366
3.134
2.817
3.324
2.794
2.867
2.764
1.683
2.503
3.267
2.662
1.623
1.959
3.470
2.563
1.190
1.831
3.062
2.379
2.516
3.564
3.616
3.149
2.269
2.662
2.110
3.461
3.038
2.990
1.614
2.683
2.041
1.273
3.073
2.600
1.217
2.164
5.779
3.393
4.875
1.695
2.384
2.128
2.092
1.668
1.787
2.186
2.243
1.148
1.218
2.804
6.466
5.200
4.162
2.715
2.284
1.323
2.763
2.297
2.201
1.398
1.810
1.840
3.040
1.677
2.386
4.193
1.644
3.016
3.033
2.145
2.952
3.095
2.688
3.199
3.121
2.244
2.747
2.347
3.577
3.285
4.579
3.519
3.948
4.641
2.084
2.952
3.340
3.464
2.029
2.789
2.875
2.632
4.543
5.471
4.188
3.217
1.615
2.063
1.793
1.859
1.323
1.328
2.826
3.460
3.231
3.949
4.083
2.502
1.995
1.737
2.409
3.124
3.644
3.119
3.696
5.518
2.942
1.919
1.691
1.453
2.650
2.213
1.972
1.723
2.386
3.243
3.042
5.397
2.472
3.120
2.981
3.587
2.999
3.926
2.995
3.146
4.370
2.253
1.593
2.024
1.658
1.804
2.038
2.545
2.598
2.798
1.890
1.288
4.313
3.139
3.889
4.989
2.535
3.452
4.043
3.652
3.132
2.691
3.248
1.853
3.121
2.774
1.821
2.932
2.908
3.692
4.008
2.481
3.060
3.133
3.673
3.304
1.344
1.252
1.583
1.396
2.651
1.880
2.243
2.606
2.687
1.604
1.603
2.385
2.564
2.194
1.077
1.817
2.799
3.061
2.629
2.355
2.793
2.592
2.904
2.027
2.156
2.210
2.054
2.131
2.405
2.970
3.196
2.949
2.876
2.352
2.038
4.736
2.084
2.202
2.804
3.944
3.987
3.784
2.150
3.798
2.685
2.830
3.349
4.019
2.939
2.068
2.138
2.035
2.569
2.855
2.758
2.834
2.626
2.287
2.367
2.096
2.410
2.542
1.988
3.003
2.065
1.818
1.673
1.490
2.066
3.604
1.832
1.422
2.229
1.661
2.062
2.885
3.086
2.460
2.714
2.660
2.251
1.829
1.620
1.698
2.070
2.826
1.811
2.015
2.505
2.776
3.095
3.096
2.767
2.379
2.352
1.750
1.870
1.729
2.142
2.761
2.398
2.559
1.882
1.813
1.469
1.933
2.048
2.352
2.423
2.727
2.237
3.098
3.508
2.091
1.427
2.024
1.944
1.717
1.484
1.577
2.582
4.194
4.642
3.193
2.945
1.364
2.268
2.947
1.939
2.116
1.788
1.366
3.193
2.492
3.188
3.761
2.472
2.289
2.270
2.823
3.541
2.294
2.041
2.181
2.689
2.637
2.548
2.373
2.826
3.100
4.947
4.931
3.051
1.342
2.069
2.043
1.610
2.783
2.515
2.673
3.717
3.004
2.017
1.213
1.782
2.004
1.929
2.053
1.876
4.564
2.523
1.553
2.319
2.822
1.949
2.158
2.315
2.568
2.048
1.971
2.342
2.364
2.317
2.546
3.236
4.896
3.688
2.086
2.973
5.143
2.656
3.188
4.659
2.485
2.518
3.980
2.199
3.129
4.616
4.953
4.537
2.610
3.204
2.870
2.443
2.744
3.765
2.812
3.903
5.606
4.250
3.184
3.396
5.630
4.605
2.700
2.448
1.870
2.994
2.745
3.664
4.877
6.042
4.232
3.750
4.034
1.234
2.615
3.181
3.558
3.538
3.164
3.988
3.930
3.373
6.770
2.886
2.518
1.909
2.404
2.604
4.044
4.678
3.494
1.619
3.194
2.935
1.776
2.003
2.736
3.410
2.639
1.940
2.521
2.745
2.744
2.201
4.062
3.811
4.402
3.693
3.274
3.139
3.311
3.013
2.572
3.227
3.225
3.958
4.200
5.173
3.899
3.031
4.440
3.300
2.880
5.621
7.144
3.885
3.605
1.969
2.641
3.254
2.053
1.670
4.731
3.972
3.829
1.815
2.859
2.378
1.789
2.649
1.408
3.622
1.963
2.599
3.658
2.298
2.399
3.175
3.308
3.848
4.476
3.570
2.381
4.512
4.448
1.890
3.234
3.063
1.566
2.070
2.996
3.111
2.988
3.919
3.810
4.101
3.136
4.976
2.821
3.202
4.575
3.596
2.681
1.200
3.195
1.678
4.049
1.908
1.805
1.984
1.491
2.910
3.125
2.366
3.928
2.794
2.251
2.521
2.178
2.986
3.269
3.639
2.315
2.234
3.008
2.345
3.306
2.624
1.562
2.401
1.261
1.454
1.595
1.301
2.296
1.789
2.141
4.127
4.389
3.424
2.929
2.683
2.328
2.396
1.477
2.216
1.608
2.230
2.433
2.156
2.503
2.658
2.224
2.731
2.448
2.603
2.358
4.015
2.417
2.751
2.020
2.347
2.624
4.830
4.437
2.823
3.556
2.899
4.613
4.841
2.968
1.635
2.792
2.118
2.354
2.006
2.147
2.101
2.054
1.903
1.983
2.788
2.913
2.984
4.431
1.634
2.149
2.247
1.999
1.931
2.409
2.077
2.793
2.950
2.276
1.738
2.505
1.685
1.715
1.093
2.287
3.233
1.812
2.159
1.989
1.812
2.563
2.887
2.076
1.609
1.914
2.318
4.178
2.674
1.906
1.811
1.876
2.340
1.831
1.719
4.190
4.244
3.699
3.058
2.036
2.020
2.870
2.650
2.724
2.041
2.005
3.597
3.629
2.642
2.601
2.022
2.951
1.557
1.687
3.922
2.674
2.488
1.654
2.318
2.215
2.462
3.003
2.190
2.558
2.171
2.193
1.808
2.219
2.713
2.013
2.094
2.483
2.235
1.640
1.551
2.083
1.815
2.522
3.065
2.084
1.465
1.498
2.047
3.533
2.850
2.485
2.450
2.118
2.304
2.628
2.252
2.490
1.987
2.028
2.229
1.805
3.226
4.107
4.849
4.688
2.837
1.779
1.902
2.503
3.092
1.346
1.792
2.722
2.012
2.429
2.583
3.798
2.133
1.590
1.893
2.033
2.294
2.035
2.629
2.317
1.915
2.770
3.094
2.181
2.081
1.941
2.261
2.074
2.463
2.213
1.471
1.809
1.553
1.546
2.065
2.178
1.500
2.430
2.333
2.019
2.262
3.668
3.490
3.386
2.753
2.578
1.588
2.294
2.476
4.351
1.616
1.466
2.757
2.096
2.462
1.550
1.029
1.357
1.852
1.296
4.050
4.319
3.543
5.432
6.372
6.277
4.813
2.978
3.211
3.330
1.375
1.330
1.914
4.957
5.788
6.112
6.443
5.016
1.262
2.840
5.219
2.670
2.810
2.516
3.014
2.861
3.766
5.462
4.466
2.848
3.277
3.770
2.951
3.818
3.021
2.988
2.948
2.213
1.439
1.959
2.345
2.873
3.192
2.341
3.746
4.729
4.876
2.356
2.179
1.883
2.412
1.352
3.722
3.759
2.094
2.174
1.811
3.811
6.546
7.220
5.722
3.554
3.803
3.696
3.584
3.483
6.024
4.456
2.448
4.490
5.467
4.747
2.407
3.837
3.605
3.665
4.018
4.886
2.046
2.875
1.803
3.345
4.544
2.262
2.799
3.009
2.172
5.510
3.030
5.423
5.252
2.528
4.280
2.964
1.985
2.452
1.766
2.464
2.270
2.624
1.826
1.581
1.511
2.345
1.624
2.208
3.038
2.517
2.600
2.852
4.751
3.063
3.229
2.426
1.992
3.485
6.564
5.672
3.031
2.726
4.011
1.763
1.686
1.661
2.204
5.336
2.871
5.229
4.200
3.534
3.658
2.403
2.813
2.863
2.009
3.197
4.458
2.699
2.619
2.960
4.372
2.542
2.658
1.965
2.524
5.441
2.266
1.669
3.867
3.002
1.961
1.615
2.230
3.321
3.284
4.435
4.591
4.750
1.927
1.671
2.986
3.031
1.969
2.461
4.488
3.141
4.159
4.008
3.713
1.463
1.243
2.643
1.494
2.996
3.278
2.339
3.643
1.672
1.714
1.563
2.110
2.364
2.658
2.208
2.235
2.598
3.059
3.234
3.046
2.612
2.229
2.559
1.859
3.110
1.928
2.478
3.157
2.086
1.905
1.816
2.263
2.776
4.326
5.250
4.885
5.005
3.895
1.713
1.949
2.554
1.914
1.897
1.640
1.780
2.187
1.873
1.700
1.551
2.473
2.077
2.756
1.965
0.849
1.473
1.381
1.821
2.297
1.271
1.910
2.131
2.034
2.171
2.211
1.785
2.706
2.069
1.912
2.302
2.081
2.154
2.031
2.210
2.378
2.400
1.540
2.490
2.632
2.002
2.633
1.556
3.128
3.422
2.004
2.496
1.487
1.914
2.145
2.258
3.227
3.361
2.605
2.747
2.468
2.133
1.918
2.080
2.389
2.333
2.270
1.761
1.600
1.634
3.128
2.490
2.065
1.936
2.184
2.583
1.818
2.386
4.239
1.409
1.226
3.081
2.955
2.439
1.731
1.907
1.518
0.962
1.907
2.348
2.006
2.015
1.580
1.779
1.745
1.847
2.038
2.255
1.666
1.197
3.119
2.768
4.742
4.742
1.870
1.150
2.323
2.198
2.369
2.889
2.583
2.397
3.046
2.580
1.998
2.116
1.939
2.679
2.460
1.717
1.834
2.262
1.688
2.781
2.848
2.281
2.148
2.079
3.022
1.755
2.570
2.491
2.292
3.132
1.639
2.221
2.027
1.996
2.197
2.383
1.967
1.653
2.170
2.580
2.300
1.937
1.142
2.180
2.276
2.570
2.380
1.579
1.408
2.083
2.202
1.591
1.655
2.510
5.063
4.717
4.518
5.470
4.511
6.039
3.362
1.669
1.507
2.606
2.945
2.352
1.693
2.426
1.313
1.494
1.898
2.216
2.320
2.511
4.101
6.256
5.923
3.983
3.006
1.870
1.270
3.527
5.417
3.765
6.478
2.982
1.402
3.424
3.641
3.091
2.677
2.492
1.973
3.919
2.527
1.696
1.888
4.167
6.956
4.834
4.873
2.984
3.075
3.573
4.473
4.680
3.117
2.325
2.173
2.403
3.267
2.194
3.681
4.259
4.623
4.319
2.048
2.030
1.544
1.920
1.791
1.844
1.443
2.471
2.206
2.101
2.071
3.382
3.397
1.926
1.710
1.760
1.989
4.367
5.006
2.608
1.913
2.813
6.099
2.628
2.617
2.242
2.230
1.873
1.949
1.518
1.533
3.257
6.002
3.973
2.188
4.694
5.853
3.969
3.506
2.273
5.660
4.983
3.629
4.143
3.478
2.413
2.655
4.869
2.192
1.756
2.956
2.644
3.499
3.896
3.526
1.567
3.238
3.465
2.637
2.324
1.777
1.234
5.376
3.288
3.099
3.935
2.533
4.630
2.883
4.375
3.341
3.407
2.272
2.977
1.648
2.048
2.410
3.121
3.298
2.244
2.997
4.579
5.445
3.842
3.684
2.505
4.078
2.363
2.649
2.021
2.816
4.202
2.307
1.403
1.628
2.547
3.356
1.906
2.189
4.571
4.247
2.860
2.233
2.551
3.597
4.936
2.686
1.908
2.773
2.412
2.515
2.046
2.607
3.232
3.984
6.216
4.923
2.784
2.946
2.202
2.253
2.312
1.419
2.474
2.235
3.570
2.086
2.503
2.438
2.292
2.519
2.009
2.276
2.225
3.766
1.524
3.367
1.888
1.637
2.012
2.747
3.077
2.061
3.060
2.852
3.069
2.812
3.239
4.000
2.948
2.073
2.811
2.467
3.360
3.169
2.482
3.528
1.021
1.996
2.629
1.630
4.174
3.677
2.739
2.800
1.898
2.575
2.171
2.749
2.368
2.800
2.705
2.847
3.799
2.114
1.764
1.731
2.366
2.154
1.882
1.804
1.886
1.494
2.273
2.028
1.814
2.011
1.386
3.282
2.397
2.570
2.124
1.898
3.008
2.739
2.552
1.772
3.604
3.518
2.384
1.687
2.793
3.567
4.750
1.362
3.580
1.822
2.150
2.368
2.046
2.660
1.529
2.140
2.267
1.795
2.986
2.493
2.630
2.659
1.420
1.096
2.138
2.781
2.070
2.589
2.533
2.222
2.463
1.942
2.260
2.498
2.470
2.107
2.085
2.345
2.728
1.874
1.618
1.756
2.295
2.974
1.768
2.056
2.363
1.490
2.555
2.663
2.955
1.844
2.221
2.147
2.244
1.547
1.771
1.979
2.084
2.099
3.441
3.552
2.120
1.732
2.540
2.189
1.854
1.701
1.836
1.532
1.987
1.607
2.146
1.951
2.453
1.932
3.030
2.307
1.671
2.434
2.192
2.532
2.503
2.320
0.900
2.285
2.812
5.975
5.627
3.700
2.860
3.762
3.454
2.981
2.272
2.734
5.860
3.240
2.406
1.745
1.402
1.468
1.480
2.371
1.929
1.639
1.750
2.479
3.701
2.890
3.136
1.753
2.012
2.174
2.355
1.020
2.200
1.882
2.590
2.691
4.476
2.172
3.309
3.909
2.227
3.339
4.721
3.097
2.811
2.999
3.932
3.841
1.554
1.381
2.373
7.409
4.780
2.562
2.465
3.080
2.579
1.830
3.118
2.393
3.437
2.047
3.052
3.648
2.805
2.383
1.907
2.001
1.812
1.726
0.984
2.455
3.242
5.116
6.840
3.302
6.558
4.527
3.158
2.594
1.866
3.643
3.620
2.009
1.882
4.295
1.908
2.514
2.260
1.604
1.956
2.197
1.816
1.752
1.591
1.965
2.818
2.763
2.135
3.501
3.929
1.496
1.081
1.867
2.271
1.281
1.918
1.683
1.629
2.379
1.683
4.436
3.309
3.125
2.729
2.661
3.547
4.416
4.090
4.612
2.995
2.797
1.641
2.121
2.482
2.091
1.735
1.502
1.687
1.122
3.560
5.321
2.814
4.106
3.353
3.078
4.825
2.606
1.222
3.082
3.913
3.810
5.949
2.554
2.420
2.218
2.898
4.141
3.638
3.165
3.125
3.523
2.695
1.987
1.903
2.868
3.311
3.530
3.438
2.601
2.364
2.969
3.979
3.085
1.486
2.210
4.085
5.048
5.518
1.866
2.836
2.934
5.540
2.430
2.750
1.420
4.247
3.186
3.577
1.677
2.484
2.591
1.857
2.577
2.883
2.827
2.300
2.154
1.688
2.271
2.536
2.807
2.395
2.887
3.155
1.693
1.459
2.486
1.797
2.214
1.697
1.734
1.869
2.096
1.118
1.007
2.129
2.134
3.023
1.760
0.731
1.605
1.823
2.043
4.000
1.877
2.191
2.132
3.608
4.008
3.297
3.557
3.109
2.700
2.178
2.477
2.460
2.399
3.266
1.643
1.322
2.057
1.656
2.813
4.769
3.214
3.833
2.946
2.316
2.471
1.940
1.313
1.993
4.637
6.101
4.095
2.836
1.177
1.892
2.353
2.331
2.394
2.969
2.522
3.680
3.079
2.333
2.583
2.575
2.435
2.694
2.467
2.455
2.363
1.983
2.265
2.603
2.601
2.018
2.058
2.653
2.327
2.783
2.096
2.227
2.357
1.579
2.038
2.481
2.064
1.689
2.387
2.762
2.684
2.002
2.200
1.704
2.095
3.913
3.056
2.284
2.677
2.705
2.333
2.304
1.883
2.196
1.673
2.627
1.327
2.217
3.322
2.402
1.917
1.755
1.695
1.694
1.787
1.570
2.635
3.428
1.426
3.054
1.675
2.132
1.661
1.486
1.575
2.576
2.559
2.159
2.915
2.893
3.273
2.574
4.601
4.261
2.034
2.080
1.691
2.463
1.983
2.024
3.342
4.007
1.792
1.569
1.870
2.050
2.693
1.716
2.898
1.943
1.869
2.121
2.179
2.099
1.855
2.001
2.328
3.799
3.095
2.705
2.155
2.189
1.840
1.655
1.289
2.321
4.379
6.033
2.278
1.272
2.039
1.823
2.247
2.863
3.255
2.397
1.900
1.685
1.569
1.995
3.071
1.974
2.599
3.508
3.035
2.748
3.287
2.821
4.607
2.820
1.324
2.110
4.105
6.379
6.340
4.233
1.915
2.063
2.884
2.763
2.967
2.668
2.786
3.235
2.896
2.994
5.648
3.722
5.407
4.651
2.037
1.607
1.668
2.038
3.730
3.723
1.741
2.950
2.805
2.560
3.715
3.072
2.506
3.430
3.186
2.604
2.172
1.722
2.022
5.032
5.651
4.210
3.943
5.099
5.285
4.824
3.979
3.385
2.843
3.893
2.599
3.999
2.541
6.487
4.391
4.177
5.660
5.494
2.441
3.502
2.546
1.531
1.944
1.555
1.280
1.822
1.782
1.920
1.251
2.561
3.635
5.515
4.449
3.562
3.608
1.197
1.748
1.584
2.176
2.098
1.519
3.047
2.688
0.947
2.361
1.981
2.697
1.544
0.915
1.676
1.517
1.242
1.660
2.127
2.991
2.655
1.951
2.203
1.286
1.561
2.118
2.823
2.795
3.285
1.816
1.383
2.115
1.746
1.204
1.658
2.128
3.213
2.613
2.049
1.998
1.125
1.762
1.513
1.814
1.700
1.407
2.403
1.421
1.910
1.585
1.513
1.589
1.992
2.080
1.234
1.329
1.734
2.014
1.600
1.702
1.438
4.875
4.718
2.553
3.948
3.672
2.178
2.609
2.704
1.763
1.533
1.752
0.871
1.315
2.086
1.457
1.419
1.474
1.094
1.666
0.959
1.302
1.619
1.331
2.083
1.594
1.351
1.782
2.171
2.618
1.894
1.527
2.884
2.728
1.674
1.688
1.517
1.372
1.532
1.318
2.060
2.432
2.842
2.459
1.838
1.943
1.931
1.479
1.245
1.803
1.880
1.921
1.587
2.525
2.260
1.806
2.018
2.293
2.419
2.260
2.520
1.438
1.551
2.020
1.535
2.873
1.964
1.674
1.344
2.049
1.981
1.602
1.872
1.630
2.354
2.060
1.874
2.097
2.198
1.696
1.860
1.829
2.203
2.150
1.955
1.976
2.188
1.675
2.453
2.359
2.265
1.623
1.513
1.432
1.526
1.785
1.359
1.350
1.778
1.912
2.271
1.353
1.591
2.005
1.961
2.127
1.657
2.044
1.959
1.824
2.069
2.161
2.116
2.223
1.935
1.815
1.867
1.782
1.268
1.581
1.911
1.048
1.512
2.004
2.380
2.185
1.732
1.403
3.084
1.885
1.635
2.043
1.800
1.924
2.165
2.152
1.531
1.480
1.336
1.532
1.972
1.830
1.951
1.655
1.839
2.294
1.491
1.477
1.661
1.861
1.763
1.877
2.082
1.831
1.487
1.473
1.565
1.502
1.377
1.716
2.203
1.849
1.720
2.130
2.096
2.730
1.740
2.063
3.836
1.872
1.203
1.943
1.465
1.630
1.923
1.459
2.114
1.879
1.846
1.325
2.164
1.664
1.899
1.877
1.980
1.358
1.181
1.397
1.498
1.760
1.356
2.212
2.092
1.479
1.864
1.384
1.401
1.757
1.767
1.393
1.286
1.366
1.930
1.737
1.872
1.272
1.620
1.484
1.367
1.744
2.624
2.146
2.221
2.676
2.559
1.882
1.763
1.518
1.625
1.189
1.415
2.028
3.000
1.984
1.363
1.688
2.293
4.435
4.837
1.585
3.941
1.988
1.434
1.359
2.293
2.170
2.326
4.509
5.280
4.932
4.299
3.799
4.225
2.437
1.178
1.314
1.786
2.386
2.079
1.932
1.992
1.382
1.236
1.994
1.908
2.079
2.014
1.251
1.021
2.073
1.340
2.127
1.534
2.884
1.129
2.864
3.433
0.929
2.394
2.684
1.647
2.424
2.501
3.668
2.007
2.153
2.984
3.776
3.178
1.854
5.151
2.552
1.320
1.487
2.236
1.779
1.886
1.873
2.589
1.263
1.040
1.557
2.616
1.976
2.804
2.231
2.444
3.282
2.692
2.864
3.689
4.767
2.265
2.632
2.305
2.059
1.613
2.727
2.593
1.606
0.790
1.010
1.737
1.908
3.041
2.509
2.695
2.537
1.547
2.305
1.111
1.348
1.158
1.181
1.044
1.381
1.351
1.359
1.886
1.575
1.507
1.096
1.157
1.242
1.659
2.061
1.987
1.278
1.193
1.443
1.774
3.471
2.909
1.780
1.286
2.656
2.221
2.052
1.598
1.905
2.026
1.580
3.047
1.938
1.522
1.367
1.931
1.701
1.143
1.359
2.010
1.325
0.948
2.072
1.803
1.254
2.117
1.955
1.165
1.426
1.426
2.502
3.184
3.141
2.111
1.363
2.329
2.784
1.798
1.557
1.287
1.372
1.142
1.170
2.264
2.577
2.451
2.180
1.430
2.939
2.000
1.490
1.413
2.054
2.892
1.573
3.790
2.556
0.677
1.723
2.158
2.066
2.676
1.590
1.591
1.278
1.919
1.780
1.749
1.848
1.870
3.182
4.689
3.738
4.344
4.654
3.085
2.220
2.519
1.691
0.941
1.521
1.544
1.549
2.005
1.668
1.261
1.008
2.456
2.866
1.850
2.335
3.089
1.881
2.764
2.409
3.963
3.635
2.253
2.141
2.004
2.231
2.383
2.443
1.900
1.813
1.487
1.693
1.886
1.951
1.854
1.974
1.874
1.205
2.087
1.285
1.759
1.615
1.395
1.802
1.681
1.238
1.602
1.931
1.613
2.064
1.420
1.664
1.383
2.040
1.721
1.344
1.675
1.576
1.639
1.590
1.941
2.517
2.291
2.120
1.519
1.206
1.665
1.994
1.515
1.892
1.459
0.848
1.677
2.010
1.211
1.737
1.982
1.903
2.474
1.802
1.886
1.799
1.975
2.536
2.133
2.110
2.127
1.860
1.767
1.602
1.669
1.665
1.698
1.726
2.032
1.148
1.016
2.282
2.083
1.490
1.616
1.601
1.634
2.064
2.332
1.584
1.647
2.021
1.875
1.808
1.722
1.736
2.214
1.716
2.178
1.841
2.287
1.424
2.046
1.610
2.597
1.506
1.721
2.547
1.682
1.283
1.699
1.337
1.660
1.637
1.882
1.445
1.884
1.689
1.644
2.274
2.720
1.500
1.741
1.854
1.719
1.543
2.236
1.760
2.490
2.185
2.552
3.017
2.975
4.360
1.504
1.367
1.682
1.182
1.035
1.230
1.331
1.898
1.470
2.036
1.962
1.143
1.923
1.196
1.148
2.323
1.472
2.818
2.348
1.363
4.093
4.840
4.676
2.554
1.850
0.760
1.137
0.893
1.447
1.829
2.797
2.863
2.008
2.082
4.456
1.857
2.497
4.084
3.706
1.871
1.572
1.736
2.478
2.236
4.883
1.520
1.297
1.285
1.925
1.598
2.131
3.312
2.243
1.711
1.395
2.319
0.945
1.946
2.856
1.992
3.852
3.188
1.681
2.188
1.704
1.128
1.591
1.931
2.043
1.305
2.334
2.403
2.212
1.996
1.616
2.550
1.752
4.393
5.502
2.604
1.761
1.649
1.578
1.286
3.501
1.540
1.946
3.396
4.044
4.472
1.573
3.560
2.192
3.817
2.047
3.533
3.821
1.687
2.216
1.931
2.277
2.218
1.506
1.731
1.916
1.579
2.041
1.476
1.352
1.262
1.380
2.494
2.248
1.249
3.934
4.673
1.545
1.527
2.572
1.702
1.663
2.032
1.832
1.842
2.662
2.901
2.701
2.728
3.321
2.520
2.499
2.195
1.757
2.195
1.713
1.967
1.614
4.187
1.556
1.539
1.520
1.730
1.479
1.313
1.375
1.980
2.219
1.683
1.612
1.268
1.359
1.730
1.846
1.084
1.656
1.494
0.806
1.244
3.426
5.442
5.166
2.911
2.666
1.303
0.950
1.127
1.242
2.273
3.211
2.201
2.021
4.904
2.667
1.773
2.388
1.884
1.145
1.625
1.626
1.534
1.257
1.262
3.093
1.554
1.828
2.608
1.498
1.914
1.341
1.940
2.039
1.533
2.071
1.779
1.289
1.734
3.571
2.007
1.036
2.024
1.770
1.646
0.991
2.005
2.312
1.625
1.644
1.803
0.765
2.216
1.628
3.348
2.928
1.546
2.770
3.455
3.332
2.012
0.842
1.401
1.935
0.885
1.384
1.093
1.282
2.044
2.129
2.213
1.391
1.597
3.886
4.274
2.404
3.188
2.483
0.939
1.182
2.198
2.627
2.816
2.320
1.989
2.174
1.292
1.972
2.230
2.144
2.326
2.771
2.143
1.840
2.313
1.898
1.676
1.436
2.193
1.960
1.864
1.905
1.400
1.606
1.415
0.984
2.044
2.354
3.297
2.877
2.009
1.449
2.034
2.093
2.703
2.246
1.750
1.573
1.308
2.047
1.416
1.883
1.661
1.661
1.785
2.003
1.725
1.557
1.612
1.695
2.247
1.906
2.077
1.908
2.138
1.923
2.183
1.351
1.733
1.880
1.833
2.107
1.477
1.517
1.674
1.144
1.916
2.645
2.270
1.967
1.827
1.756
1.882
2.539
1.418
1.268
1.875
3.238
1.885
1.649
1.929
1.685
0.733
2.032
2.370
1.630
1.814
1.590
1.606
1.669
2.403
1.619
1.601
1.626
1.412
1.603
1.477
1.517
2.214
1.520
1.494
1.463
2.090
1.814
1.571
1.701
2.061
1.524
2.313
2.082
1.790
2.156
1.554
1.442
1.752
1.708
1.307
1.184
2.541
2.675
1.912
2.134
1.772
1.398
1.359
1.612
1.760
1.666
1.433
1.776
1.593
1.255
1.520
1.471
2.364
2.666
2.039
1.155
1.350
1.401
1.498
2.115
1.556
2.368
2.354
2.743
2.282
1.663
1.693
1.532
3.679
3.661
2.811
4.095
3.305
1.352
3.427
2.806
3.137
3.463
2.028
1.462
1.301
1.788
3.256
2.192
2.931
1.875
2.040
2.097
2.868
1.955
2.487
2.623
1.913
1.158
2.185
1.642
1.672
3.080
4.085
2.541
1.189
1.607
1.359
2.177
2.613
2.524
1.759
1.103
0.845
1.369
1.519
1.178
2.144
2.342
2.117
1.991
2.900
1.932
1.891
1.862
1.659
1.841
2.673
2.756
1.673
1.694
3.157
4.275
3.234
4.264
2.505
2.717
3.428
3.059
5.683
4.907
2.545
2.645
4.508
1.356
1.637
3.427
