19910101
0.978
0.940
0.992
0.988
0.928
0.940
0.972
0.976
0.960
0.972
0.989
0.989
0.977
0.967
0.950
0.882
0.836
0.802
0.844
0.857
0.888
0.901
0.832
0.876
0.920
0.891
0.907
0.829
0.790
0.872
0.913
0.919
0.911
0.917
0.927
0.873
0.851
0.849
0.951
0.941
0.968
0.867
0.892
0.892
0.846
0.906
0.953
0.926
0.916
0.958
0.944
0.960
0.960
0.919
0.967
0.941
0.977
0.936
0.981
0.977
0.984
0.967
0.980
0.983
0.986
0.985
0.981
0.980
0.990
0.981
0.989
0.969
0.974
0.961
0.953
0.860
0.961
0.920
0.944
0.900
0.945
0.941
0.900
0.838
0.956
0.944
0.854
0.821
0.870
0.888
0.899
0.899
0.984
0.962
0.940
0.972
0.940
0.925
0.946
0.930
0.864
0.861
0.926
0.928
0.990
0.993
0.954
0.958
0.924
0.911
0.953
0.926
0.969
0.964
0.972
0.974
0.972
0.943
0.967
0.947
0.963
0.991
0.989
0.982
0.984
0.977
0.974
0.985
0.802
0.930
0.981
0.987
0.987
0.983
0.974
0.972
0.977
0.986
0.993
0.994
0.977
0.987
0.981
0.966
0.982
0.993
0.980
0.976
0.993
0.991
0.976
0.994
0.994
0.993
0.996
0.994
0.994
0.995
0.993
0.929
0.991
0.947
0.983
0.994
0.979
0.894
0.856
0.974
0.932
0.958
0.848
0.828
0.774
0.854
0.987
0.979
0.942
0.976
0.937
0.910
0.872
0.830
0.788
0.796
0.812
0.871
0.731
0.827
0.902
0.930
0.830
0.901
0.909
0.940
0.982
0.831
0.772
0.949
0.784
0.798
0.991
0.982
0.879
0.782
0.917
0.953
0.880
0.968
0.964
0.916
0.694
0.840
0.992
0.974
0.966
0.883
0.863
0.800
0.701
0.656
0.831
0.914
0.798
0.902
0.783
0.812
0.756
0.717
0.717
0.775
0.765
0.929
0.860
0.775
0.876
0.817
0.770
0.752
0.836
0.678
0.798
0.713
0.666
0.650
0.770
0.730
0.750
0.676
0.757
0.941
0.810
0.720
0.641
0.718
0.885
0.896
0.816
0.871
0.785
0.874
0.763
0.756
0.871
0.788
0.831
0.827
0.773
0.722
0.839
0.924
0.857
0.918
0.916
0.920
0.877
0.811
0.710
0.774
0.740
0.722
0.904
0.890
0.789
0.715
0.913
0.779
0.830
0.807
0.850
0.800
0.877
0.854
0.903
0.886
0.883
0.880
0.941
0.946
0.981
0.973
0.949
0.937
0.877
0.789
0.546
0.675
0.863
0.924
0.823
0.878
0.868
0.939
0.934
0.924
0.844
0.900
0.941
0.940
0.940
0.973
0.970
0.953
0.976
0.987
0.979
0.981
0.984
0.977
0.989
0.922
0.871
0.921
0.941
0.842
0.819
0.821
0.811
0.832
0.911
0.929
0.943
0.953
0.866
0.802
0.875
0.810
0.773
0.772
0.796
0.865
0.932
0.966
0.969
0.961
0.963
0.994
0.961
0.966
0.963
0.957
0.965
0.930
0.816
0.886
0.855
0.838
0.893
0.854
0.893
0.947
0.914
0.927
0.934
0.981
0.976
0.927
0.886
0.952
0.926
0.970
0.913
0.957
0.922
0.930
0.960
0.852
0.930
0.966
0.985
0.974
0.975
0.933
0.831
0.924
0.921
0.966
0.929
0.885
0.928
0.963
0.978
0.974
0.895
0.901
0.925
0.923
0.924
0.987
0.979
0.951
0.934
0.955
0.928
0.903
0.890
0.866
0.916
0.928
0.927
0.918
0.965
0.948
0.929
0.934
0.932
0.929
0.947
0.946
0.938
0.910
0.953
0.978
0.979
0.987
0.989
0.970
0.917
0.982
0.967
0.977
0.974
0.953
0.929
0.933
0.981
0.984
0.976
0.984
0.978
0.955
0.922
0.976
0.926
0.945
0.974
0.976
0.980
0.985
0.973
0.984
0.970
0.976
0.988
0.960
0.938
0.781
0.711
0.755
0.935
0.756
0.858
0.831
0.828
0.867
0.970
0.946
0.767
0.988
0.985
0.985
0.962
0.985
0.995
0.995
0.989
0.991
0.996
0.974
0.966
0.987
0.995
0.994
0.960
0.992
0.997
0.996
0.995
0.991
0.979
0.985
0.956
0.899
0.996
0.976
0.973
0.992
0.988
0.990
0.988
0.966
0.978
0.988
0.995
0.996
0.996
0.996
0.996
0.923
0.823
0.945
0.970
0.864
0.936
0.867
0.944
0.927
0.935
0.912
0.994
0.995
0.984
0.996
0.996
0.996
0.980
0.993
0.875
0.763
0.714
0.844
0.740
0.897
0.741
0.649
0.679
0.849
0.864
0.775
0.809
0.902
0.913
0.972
0.931
0.889
0.866
0.903
0.962
0.993
0.934
0.890
0.941
0.925
0.944
0.703
0.699
0.993
0.851
0.736
0.886
0.828
0.745
0.875
0.835
0.685
0.821
0.830
0.711
0.971
0.822
0.802
0.852
0.923
0.867
0.758
0.688
0.482
0.550
0.808
0.892
0.887
0.838
0.905
0.812
0.866
0.755
0.688
0.645
0.490
0.810
0.848
0.747
0.988
0.745
0.708
0.751
0.714
0.630
0.756
0.824
0.885
0.756
0.951
0.977
0.965
0.949
0.864
0.970
0.983
0.915
0.811
0.802
0.731
0.947
0.943
0.793
0.714
0.723
0.804
0.870
0.828
0.833
0.770
0.942
0.829
0.802
0.738
0.799
0.822
0.939
0.856
0.889
0.852
0.978
0.960
0.898
0.899
0.856
0.827
0.916
0.939
0.890
0.840
0.762
0.755
0.952
0.962
0.931
0.866
0.976
0.969
0.940
0.921
0.905
0.939
0.931
0.883
0.964
0.936
0.903
0.975
0.974
0.977
0.966
0.951
0.970
0.825
0.742
0.894
0.938
0.917
0.897
0.834
0.845
0.900
0.941
0.981
0.962
0.931
0.960
0.953
0.970
0.992
0.974
0.899
0.951
0.992
0.946
0.952
0.986
0.960
0.980
0.971
0.984
0.929
0.968
0.952
0.919
0.979
0.980
0.971
0.925
0.963
0.963
0.905
0.876
0.928
0.900
0.911
0.908
0.924
0.964
0.970
0.979
0.964
0.937
0.848
0.842
0.873
0.800
0.848
0.840
0.856
0.822
0.883
0.883
0.845
0.885
0.967
0.985
0.966
0.952
0.966
0.981
0.975
0.979
0.954
0.882
0.756
0.906
0.914
0.914
0.903
0.894
0.958
0.949
0.931
0.903
0.947
0.966
0.972
0.975
0.909
0.823
0.773
0.785
0.750
0.834
0.802
0.968
0.919
0.877
0.852
0.851
0.923
0.881
0.870
0.833
0.885
0.948
0.953
0.910
0.947
0.939
0.896
0.868
0.874
0.916
0.893
0.937
0.951
0.976
0.967
0.965
0.927
0.902
0.954
0.970
0.918
0.931
0.904
0.915
0.977
0.973
0.952
0.964
0.969
0.986
0.995
0.987
0.878
0.963
0.982
0.978
0.979
0.966
0.938
0.929
0.916
0.903
0.865
0.962
0.961
0.979
0.979
0.947
0.982
0.963
0.968
0.984
0.957
0.983
0.988
0.988
0.976
0.946
0.982
0.986
0.980
0.982
0.948
0.905
0.932
0.844
0.736
0.731
0.710
0.961
0.854
0.978
0.994
0.995
0.965
0.973
0.994
0.996
0.995
0.995
0.985
0.996
0.993
0.967
0.974
0.972
0.975
0.904
0.991
0.991
0.960
0.988
0.972
0.957
0.964
0.986
0.908
0.888
0.877
0.895
0.737
0.985
0.997
0.996
0.993
0.925
0.876
0.986
0.966
0.980
0.979
0.993
0.991
0.960
0.886
0.992
0.993
0.981
0.916
0.934
0.734
0.946
0.754
0.667
0.985
0.928
0.835
0.941
0.982
0.917
0.893
0.857
0.831
0.712
0.681
0.623
0.855
0.927
0.813
0.757
0.953
0.748
0.752
0.737
0.894
0.987
0.952
0.912
0.816
0.792
0.777
0.700
0.814
0.910
0.966
0.833
0.818
0.709
0.704
0.794
0.987
0.798
0.847
0.791
0.689
0.844
0.866
0.813
0.775
0.929
0.750
0.868
0.806
0.872
0.780
0.871
0.868
0.814
0.824
0.566
0.615
0.825
0.937
0.854
0.847
0.697
0.915
0.750
0.912
0.880
0.933
0.917
0.923
0.936
0.840
0.690
0.920
0.927
0.753
0.820
0.900
0.944
0.835
0.770
0.895
0.851
0.943
0.909
0.868
0.900
0.804
0.978
0.881
0.889
0.966
0.921
0.848
0.862
0.798
0.776
0.820
0.892
0.953
0.860
0.863
0.934
0.759
0.868
0.896
0.861
0.839
0.846
0.883
0.880
0.890
0.838
0.883
0.892
0.842
0.884
0.873
0.830
0.843
0.910
0.937
0.912
0.943
0.960
0.977
0.993
0.989
0.984
0.978
0.933
0.917
0.903
0.888
0.856
0.940
0.952
0.930
0.905
0.925
0.941
0.923
0.963
0.960
0.944
0.956
0.951
0.847
0.898
0.927
0.945
0.931
0.890
0.885
0.874
0.882
0.887
0.907
0.906
0.824
0.834
0.762
0.922
0.899
0.921
0.899
0.950
0.952
0.836
0.945
0.836
0.888
0.898
0.900
0.887
0.920
0.919
0.940
0.966
0.962
0.947
0.948
0.983
0.958
0.985
0.919
0.828
0.922
0.945
0.920
0.914
0.945
0.895
0.899
0.954
0.971
0.970
0.947
0.957
0.973
0.946
0.971
0.979
0.981
0.986
0.983
0.983
0.985
0.967
0.976
0.931
0.938
0.937
0.893
0.786
0.846
0.923
0.804
0.891
0.969
0.982
0.958
0.955
0.949
0.921
0.960
0.964
0.896
0.932
0.980
0.979
0.975
0.964
0.990
0.975
0.941
0.891
0.956
0.934
0.917
0.890
0.918
0.934
0.922
0.895
0.903
0.922
0.923
0.974
0.969
0.973
0.962
0.980
0.960
0.980
0.987
0.968
0.979
0.949
0.902
0.947
0.975
0.990
0.992
0.983
0.997
0.995
0.987
0.978
0.968
0.949
0.935
0.925
0.948
0.918
0.961
0.977
0.942
0.930
0.958
0.976
0.935
0.945
0.981
0.973
0.973
0.984
0.922
0.927
0.948
0.947
0.955
0.946
0.953
0.937
0.938
0.953
0.962
0.966
0.982
0.979
0.985
0.990
0.972
0.968
0.989
0.967
0.971
0.985
0.983
0.993
0.994
0.991
0.996
0.993
0.956
0.942
0.889
0.955
0.972
0.985
0.979
0.854
0.917
0.862
0.914
0.949
0.865
0.886
0.910
0.878
0.794
0.865
0.883
0.979
0.990
0.965
0.982
0.864
0.987
0.961
0.971
0.937
0.931
0.972
0.995
0.928
0.852
0.935
0.959
0.984
0.985
0.975
0.975
0.944
0.985
0.953
0.943
0.965
0.858
0.863
0.724
0.624
0.720
0.654
0.923
0.983
0.977
0.898
0.858
0.895
0.736
0.591
0.634
0.696
0.872
0.904
0.879
0.756
0.586
0.624
0.825
0.818
0.927
0.909
0.847
0.825
0.888
0.836
0.809
0.788
0.790
0.755
0.683
0.830
0.885
0.988
0.975
0.858
0.824
0.791
0.899
0.987
0.931
0.905
0.688
0.670
0.593
0.788
0.803
0.756
0.851
0.612
0.726
0.773
0.685
0.681
0.600
0.767
0.781
0.794
0.806
0.703
0.983
0.878
0.744
0.796
0.753
0.680
0.710
0.634
0.745
0.963
0.836
0.762
0.694
0.931
0.820
0.744
0.849
0.913
0.946
0.784
0.769
0.780
0.826
0.817
0.850
0.837
0.787
0.820
0.789
0.947
0.893
0.807
0.954
0.988
0.991
0.957
0.968
0.898
0.900
0.807
0.713
0.764
0.909
0.857
0.827
0.796
0.843
0.853
0.912
0.905
0.748
0.797
0.659
0.884
0.836
0.679
0.745
0.701
0.694
0.541
0.715
0.779
0.869
0.909
0.751
0.813
0.832
0.738
0.912
0.985
0.864
0.932
0.764
0.928
0.941
0.966
0.929
0.887
0.907
0.926
0.913
0.909
0.893
0.933
0.910
0.887
0.930
0.976
0.969
0.936
0.941
0.967
0.990
0.976
0.976
0.992
0.986
0.909
0.937
0.955
0.892
0.988
0.974
0.978
0.943
0.843
0.774
0.849
0.956
0.906
0.929
0.970
0.972
0.939
0.902
0.904
0.960
0.967
0.813
0.771
0.915
0.845
0.830
0.914
0.780
0.879
0.964
0.957
0.939
0.952
0.952
0.930
0.891
0.942
0.983
0.970
0.976
0.931
0.945
0.901
0.913
0.871
0.854
0.881
0.890
0.888
0.898
0.961
0.957
0.935
0.911
0.865
0.911
0.869
0.885
0.935
0.955
0.956
0.959
0.975
0.987
0.925
0.958
0.965
0.912
0.951
0.954
0.977
0.884
0.878
0.957
0.975
0.948
0.976
0.960
0.945
0.937
0.973
0.973
0.973
0.974
0.959
0.972
0.948
0.961
0.952
0.978
0.951
0.969
0.964
0.978
0.970
0.928
0.961
0.930
0.957
0.921
0.960
0.928
0.919
0.959
0.920
0.957
0.891
0.947
0.923
0.909
0.950
0.904
0.953
0.903
0.948
0.922
0.907
0.981
0.987
0.957
0.947
0.946
0.917
0.932
0.937
0.969
0.960
0.912
0.939
0.920
0.939
0.984
0.990
0.964
0.991
0.992
0.996
0.994
0.985
0.966
0.978
0.988
0.985
0.972
0.932
0.896
0.975
0.961
0.962
0.975
0.992
0.995
0.979
0.973
0.969
0.989
0.989
0.978
0.968
0.995
0.886
0.866
0.736
0.514
0.875
0.966
0.967
0.974
0.984
0.995
0.997
0.992
0.994
0.992
0.989
0.986
0.982
0.967
0.977
0.989
0.986
0.994
0.994
0.963
0.957
0.960
0.984
0.984
0.986
0.980
0.984
0.993
0.990
0.995
0.993
0.996
0.996
0.997
0.994
0.985
0.994
0.991
0.995
0.993
0.995
0.992
0.969
0.994
0.974
0.984
0.967
0.844
0.880
0.989
0.984
0.991
0.995
0.982
0.861
0.994
0.991
0.980
0.881
0.909
0.950
0.901
0.968
0.871
0.743
0.760
0.863
0.667
0.654
0.843
0.852
0.905
0.937
0.897
0.894
0.775
0.808
0.691
0.782
0.669
0.944
0.825
0.774
0.764
0.799
0.902
0.822
0.970
0.723
0.743
0.749
0.685
0.647
0.715
0.707
0.820
0.903
0.899
0.994
0.997
0.955
0.975
0.975
0.860
0.843
0.871
0.829
0.921
0.886
0.879
0.840
0.771
0.827
0.920
0.844
0.749
0.933
0.946
0.949
0.956
0.986
0.978
0.979
0.976
0.948
0.983
0.977
0.970
0.957
0.861
0.832
0.785
0.826
0.966
0.883
0.966
0.962
0.955
0.967
0.951
0.969
0.975
0.957
0.974
0.978
0.980
0.947
0.984
0.932
0.863
0.925
0.866
0.922
0.917
0.911
0.879
0.892
0.818
0.811
0.810
0.646
0.571
0.718
0.947
0.923
0.787
0.747
0.957
0.984
0.958
0.961
0.969
0.910
0.743
0.822
0.881
0.897
0.972
0.934
0.960
0.964
0.888
0.942
0.928
0.913
0.916
0.901
0.895
0.962
0.961
0.935
0.983
0.983
0.990
0.992
0.959
0.947
0.927
0.906
0.871
0.921
0.814
0.863
0.954
0.947
0.941
0.971
0.978
0.985
0.964
0.948
0.946
0.927
0.931
0.924
0.940
0.907
0.951
0.936
0.900
0.907
0.933
0.950
0.914
0.944
0.952
0.982
0.984
0.980
0.958
0.944
0.983
0.976
0.979
0.960
0.973
0.969
0.931
0.906
0.908
0.937
0.975
0.977
0.958
0.975
0.853
0.830
0.962
0.974
0.977
0.957
0.969
0.981
0.973
0.981
0.971
0.928
0.920
0.821
0.828
0.881
0.892
0.924
0.939
0.970
0.978
0.978
0.973
0.983
0.961
0.951
0.946
0.851
0.862
0.925
0.953
0.931
0.890
0.854
0.881
0.856
0.896
0.893
0.943
0.918
0.913
0.930
0.926
0.943
0.950
0.942
0.949
0.924
0.938
0.898
0.878
0.853
0.898
0.953
0.946
0.945
0.892
0.953
0.912
0.918
0.898
0.859
0.961
0.948
0.955
0.969
0.963
0.909
0.903
0.921
0.951
0.960
0.981
0.991
0.991
0.992
0.991
0.987
0.977
0.987
0.969
0.982
0.972
0.982
0.928
0.921
0.908
0.938
0.964
0.967
0.963
0.967
0.987
0.982
0.923
0.953
0.956
0.944
0.956
0.983
0.970
0.980
0.975
0.941
0.915
0.973
0.969
0.969
0.868
0.720
0.952
0.994
0.912
0.966
0.789
0.787
0.991
0.990
0.995
0.926
0.932
0.857
0.992
0.991
0.996
0.993
0.996
0.995
0.994
0.990
0.979
0.981
0.947
0.994
0.740
0.792
0.769
0.987
0.916
0.892
0.903
0.761
0.993
0.734
0.988
0.854
0.619
0.911
0.994
0.992
0.727
0.665
0.994
0.995
0.776
0.718
0.649
0.712
0.746
0.886
0.876
0.986
0.673
0.633
0.896
0.759
0.696
0.925
0.775
0.904
0.972
0.957
0.917
0.949
0.952
0.820
0.843
0.873
0.916
0.913
0.942
0.779
0.732
0.869
0.909
0.872
0.881
0.783
0.941
0.888
0.993
0.857
0.809
0.906
0.830
0.991
0.703
0.713
0.634
0.755
0.693
0.596
0.758
0.714
0.761
0.643
0.867
0.787
0.793
0.742
0.734
0.812
0.903
0.850
0.763
0.823
0.851
0.853
0.728
0.877
0.955
0.958
0.894
0.835
0.817
0.852
0.779
0.983
0.859
0.912
0.810
0.812
0.855
0.990
0.880
0.860
0.889
0.953
0.859
0.889
0.992
0.866
0.935
0.956
0.868
0.939
0.767
0.939
0.947
0.787
0.985
0.769
0.783
0.954
0.966
0.986
0.983
0.990
0.992
0.905
0.927
0.892
0.982
0.969
0.978
0.820
0.990
0.815
0.985
0.968
0.674
0.840
0.967
0.973
0.950
0.975
0.993
0.992
0.986
0.984
0.995
0.963
0.868
0.989
0.996
0.911
0.941
0.963
0.965
0.966
0.993
0.984
0.995
0.923
0.853
0.851
0.989
0.942
0.980
0.976
0.946
0.931
0.958
0.925
0.967
0.869
0.982
0.906
0.968
0.893
0.920
0.981
0.941
0.929
0.943
0.970
0.963
0.990
0.984
0.978
0.950
0.970
0.914
0.923
0.919
0.933
0.941
0.971
0.958
0.955
0.948
0.939
0.954
0.939
0.924
0.941
0.933
0.921
0.925
0.913
0.951
0.989
0.989
0.987
0.969
0.986
0.935
0.931
0.963
0.985
0.980
0.990
0.986
0.985
0.986
0.989
0.954
0.828
0.815
0.870
0.854
0.858
0.925
0.954
0.939
0.980
0.966
0.941
0.956
0.967
0.957
0.954
0.959
0.949
0.767
0.834
0.858
0.811
0.817
0.892
0.912
0.961
0.980
0.988
0.969
0.955
0.958
0.996
0.961
0.921
0.970
0.936
0.818
0.908
0.758
0.857
0.911
0.922
0.961
0.921
0.849
0.896
0.901
0.903
0.940
0.977
0.957
0.950
0.969
0.922
0.901
0.928
0.930
0.963
0.936
0.969
0.946
0.959
0.984
0.976
0.892
0.766
0.894
0.912
0.959
0.937
0.915
0.983
0.988
0.959
0.908
0.896
0.937
0.975
0.954
0.972
0.987
0.990
0.987
0.987
0.960
0.977
0.967
0.974
0.976
0.953
0.926
0.985
0.963
0.973
0.969
0.972
0.987
0.990
0.985
0.969
0.981
0.979
0.982
0.932
0.910
0.944
0.972
0.980
0.957
0.943
0.926
0.980
0.964
0.932
0.924
0.990
0.971
0.956
0.952
0.955
0.977
0.977
0.942
0.991
0.961
0.988
0.995
0.996
0.991
0.959
0.989
0.950
0.986
0.981
0.980
0.954
0.990
0.990
0.977
0.894
0.714
0.786
0.651
0.939
0.919
0.851
0.701
0.939
0.937
0.942
0.993
0.940
0.718
0.949
0.980
0.737
0.701
0.981
0.995
0.957
0.892
0.844
0.978
0.866
0.812
0.891
0.908
0.879
0.851
0.876
0.941
0.976
0.813
0.950
0.936
0.986
0.933
0.883
0.837
0.933
0.826
0.863
0.780
0.930
0.966
0.864
0.689
0.793
0.881
0.862
0.785
0.823
0.962
0.973
0.962
0.942
0.899
0.963
0.986
0.949
0.796
0.810
0.949
0.736
0.818
0.935
0.932
0.884
0.761
0.770
0.751
0.889
0.839
0.949
0.784
0.966
0.898
0.747
0.753
0.967
0.878
0.790
0.868
0.865
0.904
0.863
0.796
0.769
0.701
0.777
0.717
0.692
0.741
0.861
0.833
0.965
0.858
0.833
0.879
0.863
0.804
0.874
0.903
0.870
0.917
0.838
0.897
0.937
0.833
0.852
0.655
0.696
0.772
0.926
0.844
0.885
0.932
0.823
0.698
0.788
0.737
0.772
0.935
0.958
0.895
0.713
0.771
0.903
0.758
0.874
0.829
0.831
0.823
0.769
0.750
0.732
0.734
0.749
0.729
0.701
0.823
0.781
0.924
0.694
0.583
0.693
0.862
0.806
0.757
0.807
0.622
0.853
0.858
0.866
0.832
0.925
0.869
0.830
0.834
0.839
0.910
0.889
0.883
0.917
0.921
0.958
0.930
0.671
0.722
0.768
0.937
0.904
0.914
0.923
0.939
0.936
0.941
0.913
0.944
0.985
0.915
0.901
0.977
0.959
0.961
0.886
0.974
0.951
0.921
0.942
0.942
0.975
0.953
0.960
0.978
0.985
0.977
0.974
0.985
0.987
0.989
0.989
0.975
0.954
0.946
0.912
0.891
0.937
0.970
0.985
0.972
0.988
0.976
0.975
0.963
0.942
0.932
0.957
0.985
0.989
0.993
0.979
0.981
0.932
0.956
0.971
0.985
0.950
0.963
0.880
0.924
0.968
0.984
0.984
0.969
0.955
0.952
0.959
0.966
0.975
0.896
0.832
0.858
0.898
0.957
0.979
0.990
0.984
0.952
0.887
0.965
0.958
0.949
0.938
0.930
0.933
0.962
0.903
0.886
0.851
0.895
0.901
0.896
0.930
0.912
0.900
0.870
0.863
0.830
0.933
0.938
0.891
0.856
0.871
0.909
0.962
0.987
0.899
0.912
0.941
0.910
0.872
0.954
0.915
0.951
0.976
0.990
0.949
0.951
0.959
0.928
0.928
0.938
0.956
0.981
0.919
0.900
0.973
0.942
0.939
0.922
0.891
0.939
0.966
0.970
0.982
0.989
0.993
0.992
0.982
0.976
0.956
0.927
0.914
0.940
0.906
0.903
0.934
0.956
0.894
0.974
0.775
0.963
0.974
0.961
0.944
0.951
0.934
0.874
0.829
0.891
0.961
0.963
0.933
0.922
0.961
0.958
0.976
0.982
0.977
0.960
0.971
0.872
0.840
0.995
0.926
0.760
0.987
0.896
0.961
0.925
0.891
0.872
0.848
0.853
0.994
0.860
0.975
0.849
0.796
0.977
0.966
0.989
0.991
0.963
0.937
0.995
0.968
0.847
0.985
0.962
0.784
0.941
0.859
0.987
0.988
0.957
0.781
0.798
0.775
0.826
0.941
0.976
0.974
0.991
0.991
0.908
0.785
0.641
0.749
0.893
0.677
0.823
0.943
0.974
0.903
0.784
0.885
0.859
0.785
0.725
0.993
0.742
0.634
0.712
0.831
0.736
0.819
0.884
0.786
0.924
0.993
0.806
0.861
0.848
0.986
0.791
0.753
0.864
0.884
0.915
0.773
0.737
0.707
0.763
0.773
0.898
0.725
0.828
0.725
0.816
0.757
0.714
0.595
0.705
0.663
0.838
0.936
0.836
0.814
0.798
0.750
0.766
0.882
0.841
0.617
0.770
0.678
0.907
0.708
0.724
0.661
0.600
0.655
0.745
0.756
0.819
0.868
0.873
0.721
0.787
0.965
0.852
0.881
0.835
0.768
0.769
0.891
0.855
0.862
0.847
0.795
0.846
0.990
0.872
0.764
0.747
0.881
0.848
0.958
0.796
0.798
0.960
0.791
0.760
0.819
0.948
0.936
0.983
0.826
0.884
0.841
0.943
0.869
0.989
0.956
0.984
0.913
0.755
0.900
0.846
0.875
0.975
0.870
0.911
0.895
0.839
0.947
0.925
0.950
0.891
0.969
0.962
0.807
0.782
0.823
0.792
0.912
0.903
0.847
0.848
0.862
0.949
0.973
0.918
0.880
0.816
0.751
0.917
0.953
0.823
0.878
0.877
0.886
0.855
0.895
0.965
0.940
0.966
0.978
0.939
0.898
0.966
0.908
0.958
0.976
0.942
0.910
0.936
0.958
0.933
0.953
0.947
0.907
0.868
0.915
0.893
0.789
0.953
0.985
0.985
0.971
0.948
0.961
0.943
0.958
0.944
0.955
0.969
0.949
0.925
0.920
0.923
0.910
0.820
0.937
0.963
0.973
0.984
0.967
0.947
0.931
0.872
0.901
0.929
0.961
0.944
0.928
0.919
0.909
0.940
0.920
0.955
0.953
0.958
0.952
0.937
0.941
0.944
0.922
0.961
0.871
0.864
0.918
0.959
0.956
0.946
0.979
0.957
0.953
0.924
0.909
0.950
0.940
0.951
0.893
0.847
0.838
0.868
0.934
0.890
0.920
0.973
0.936
0.966
0.928
0.852
0.857
0.863
0.969
0.978
0.978
0.967
0.956
0.931
0.885
0.938
0.908
0.875
0.841
0.875
0.921
0.898
0.908
0.915
0.954
0.983
0.990
0.977
0.961
0.931
0.950
0.892
0.925
0.967
0.949
0.979
0.986
0.988
0.975
0.939
0.930
0.947
0.884
0.977
0.987
0.987
0.972
0.926
0.967
0.995
0.989
0.956
0.907
0.928
0.971
0.975
0.970
0.980
0.992
0.979
0.986
0.980
0.978
0.992
0.988
0.922
0.970
0.994
0.987
0.965
0.995
0.974
0.986
0.930
0.990
0.976
0.990
0.900
0.898
0.926
0.985
0.996
0.984
0.958
0.932
0.929
0.989
0.935
0.995
0.993
0.993
0.996
0.994
0.838
0.988
0.996
0.961
0.983
0.944
0.961
0.974
0.969
0.877
0.992
0.974
0.995
0.912
0.930
0.794
0.976
0.919
0.885
0.903
0.795
0.956
0.847
0.985
0.995
0.957
0.981
0.921
0.908
0.921
0.992
0.871
0.761
0.904
0.809
0.944
0.765
0.882
0.732
0.988
0.832
0.881
0.741
0.994
0.995
0.870
0.897
0.818
0.964
0.988
0.957
0.890
0.817
0.796
0.984
0.956
0.729
0.988
0.982
0.886
0.843
0.910
0.858
0.934
0.977
0.957
0.857
0.716
0.643
0.696
0.793
0.914
0.923
0.965
0.893
0.902
0.844
0.774
0.785
0.829
0.755
0.819
0.762
0.811
0.945
0.969
0.928
0.866
0.741
0.755
0.886
0.928
0.952
0.790
0.993
0.887
0.759
0.742
0.712
0.889
0.878
0.896
0.780
0.663
0.837
0.843
0.888
0.849
0.762
0.924
0.941
0.868
0.892
0.891
0.968
0.834
0.892
0.839
0.916
0.725
0.854
0.948
0.876
0.897
0.864
0.817
0.840
0.796
0.732
0.827
0.756
0.823
0.902
0.875
0.827
0.809
0.842
0.798
0.837
0.756
0.565
0.803
0.960
0.844
0.820
0.897
0.816
0.779
0.810
0.864
0.857
0.840
0.835
0.935
0.804
0.852
0.807
0.885
0.988
0.859
0.991
0.984
0.966
0.944
0.892
0.988
0.949
0.938
0.987
0.816
0.854
0.932
0.749
0.893
0.779
0.777
0.944
0.932
0.941
0.957
0.909
0.922
0.828
0.712
0.830
0.862
0.889
0.889
0.941
0.989
0.976
0.967
0.969
0.963
0.972
0.985
0.949
0.953
0.953
0.934
0.943
0.958
0.936
0.961
0.937
0.939
0.891
0.903
0.931
0.956
0.968
0.960
0.877
0.894
0.866
0.849
0.808
0.907
0.979
0.904
0.892
0.959
0.846
0.890
0.942
0.928
0.977
0.956
0.970
0.924
0.942
0.955
0.933
0.835
0.960
0.949
0.917
0.895
0.803
0.830
0.948
0.908
0.961
0.852
0.897
0.953
0.877
0.865
0.968
0.933
0.812
0.879
0.944
0.891
0.937
0.944
0.948
0.962
0.888
0.797
0.939
0.915
0.953
0.918
0.959
0.974
0.940
0.936
0.942
0.962
0.949
0.863
0.758
0.784
0.848
0.893
0.920
0.965
0.974
0.832
0.947
0.983
0.955
0.978
0.952
0.921
0.949
0.975
0.916
0.932
0.958
0.945
0.980
0.940
0.943
0.940
0.960
0.957
0.968
0.943
0.891
0.893
0.945
0.985
0.900
0.961
0.969
0.960
0.964
0.956
0.957
0.974
0.945
0.932
0.945
0.970
0.994
0.996
0.985
0.994
0.991
0.962
0.974
0.971
0.960
0.960
0.982
0.963
0.915
0.993
0.980
0.988
0.987
0.988
0.983
0.979
0.953
0.946
0.961
0.984
0.963
0.988
0.966
0.978
0.968
0.836
0.964
0.989
0.990
0.986
0.942
0.987
0.993
0.997
0.942
0.937
0.986
0.996
0.996
0.990
0.996
0.847
0.963
0.936
0.985
0.996
0.996
0.912
0.877
0.965
0.988
0.921
0.996
0.950
0.921
0.782
0.816
0.768
0.770
0.810
0.826
0.886
0.829
0.888
0.882
0.836
0.873
0.800
0.832
0.829
0.758
0.688
0.830
0.902
0.868
0.774
0.893
0.868
0.821
0.895
0.688
0.829
0.827
0.849
0.804
0.876
0.993
0.913
0.724
0.981
0.826
0.908
0.727
0.854
0.980
0.894
0.704
0.840
0.701
0.687
0.808
0.619
0.927
0.919
0.910
0.772
0.684
0.780
0.830
0.756
0.898
0.807
0.720
0.810
0.830
0.768
0.907
0.977
0.846
0.903
0.930
0.940
0.895
0.941
0.815
0.818
0.740
0.705
0.753
0.805
0.764
0.734
0.820
0.858
0.820
0.895
0.734
0.950
0.816
0.829
0.726
0.686
0.745
0.922
0.973
0.935
0.940
0.888
0.801
0.844
0.760
0.698
0.908
0.820
0.810
0.711
0.822
0.775
0.731
0.604
0.509
0.484
0.710
0.721
0.635
0.669
0.648
0.828
0.867
0.822
0.872
0.951
0.883
0.953
0.787
0.851
0.923
0.740
0.922
0.807
0.735
0.759
0.791
0.702
0.840
0.853
0.764
0.933
0.881
0.836
0.793
0.858
0.942
0.914
0.840
0.874
0.814
0.891
0.894
0.901
0.924
0.932
0.952
0.943
0.977
0.931
0.883
0.978
0.969
0.963
0.986
0.995
0.987
0.985
0.936
0.935
0.842
0.909
0.932
0.955
0.951
0.943
0.920
0.906
0.835
0.845
0.889
0.854
0.908
0.834
0.867
0.909
0.922
0.853
0.923
0.918
0.952
0.794
0.977
0.937
0.956
0.950
0.946
0.950
0.961
0.981
0.973
0.982
0.977
0.992
0.962
0.942
0.967
0.971
0.959
0.977
0.988
0.972
0.930
0.895
0.941
0.921
0.918
0.936
0.963
0.995
0.988
0.961
0.970
0.980
0.995
0.979
0.928
0.887
0.842
0.963
0.900
0.958
0.792
0.916
0.911
0.965
0.966
0.926
0.770
0.853
0.901
0.977
0.963
0.962
0.972
0.963
0.927
0.902
0.879
0.967
0.953
0.973
0.954
0.950
0.995
0.976
0.942
0.974
0.982
0.980
0.859
0.796
0.847
0.885
0.924
0.964
0.947
0.946
0.957
0.973
0.977
0.980
0.981
0.979
0.935
0.892
0.924
0.947
0.933
0.919
0.897
0.965
0.985
0.977
0.977
0.988
0.980
0.977
0.976
0.893
0.861
0.940
0.952
0.897
0.925
0.965
0.978
0.966
0.969
0.880
0.974
0.974
0.941
0.919
0.901
0.885
0.840
0.842
0.929
0.985
0.991
0.982
0.942
0.974
0.989
0.981
0.949
0.979
0.994
0.967
0.967
0.922
0.983
0.988
0.990
0.980
0.992
0.989
0.988
0.994
0.953
0.983
0.924
0.957
0.918
0.982
0.961
0.953
0.949
0.978
0.886
0.937
0.909
0.940
0.989
0.960
0.976
0.981
0.988
0.995
0.979
0.943
0.954
0.982
0.975
0.954
0.953
0.965
0.973
0.978
0.956
0.892
0.982
0.923
0.883
0.948
0.942
0.993
0.875
0.920
0.993
0.895
0.882
0.988
0.991
0.985
0.997
0.995
0.844
0.985
0.964
0.996
0.995
0.886
0.917
0.950
0.815
0.990
0.973
0.918
0.960
0.993
0.996
0.828
0.990
0.794
0.757
0.772
0.911
0.889
0.869
0.945
0.885
0.965
0.994
0.836
0.985
0.994
0.987
0.943
0.755
0.970
0.990
0.810
0.994
0.889
0.975
0.966
0.826
0.940
0.738
0.795
0.749
0.964
0.728
0.763
0.957
0.891
0.993
0.967
0.836
0.725
0.788
0.776
0.687
0.698
0.828
0.773
0.817
0.893
0.807
0.845
0.922
0.808
0.959
0.853
0.880
0.855
0.974
0.882
0.710
0.727
0.777
0.788
0.767
0.706
0.735
0.789
0.764
0.644
0.760
0.674
0.780
0.924
0.921
0.809
0.791
0.860
0.909
0.969
0.852
0.711
0.638
0.646
0.555
0.660
0.829
0.706
0.843
0.905
0.855
0.798
0.779
0.743
0.733
0.703
0.689
0.792
0.715
0.911
0.966
0.940
0.926
0.695
0.960
0.966
0.917
0.894
0.838
0.796
0.786
0.826
0.770
0.698
0.929
0.927
0.902
0.866
0.791
0.898
0.809
0.991
0.963
0.995
0.946
0.969
0.954
0.835
0.811
0.990
0.977
0.851
0.850
0.757
0.960
0.857
0.787
0.864
0.851
0.808
0.818
0.834
0.685
0.771
0.740
0.767
0.916
0.855
0.780
0.934
0.939
0.940
0.858
0.920
0.957
0.864
0.852
0.877
0.842
0.890
0.744
0.632
0.919
0.849
0.811
0.841
0.864
0.899
0.878
0.812
0.905
0.858
0.869
0.988
0.961
0.899
0.593
0.473
0.724
0.675
0.903
0.931
0.809
0.724
0.919
0.937
0.966
0.986
0.980
0.891
0.959
0.986
0.995
0.994
0.988
0.974
0.976
0.973
0.972
0.927
0.885
0.835
0.956
0.969
0.897
0.845
0.894
0.874
0.913
0.911
0.880
0.889
0.862
0.926
0.901
0.820
0.940
0.949
0.884
0.955
0.974
0.920
0.896
0.843
0.865
0.824
0.842
0.762
0.790
0.910
0.842
0.857
0.845
0.878
0.886
0.910
0.847
0.866
0.946
0.927
0.867
0.912
0.959
0.981
0.965
0.971
0.976
0.936
0.965
0.982
0.988
0.894
0.918
0.950
0.970
0.905
0.865
0.938
0.947
0.975
0.970
0.961
0.983
0.965
0.972
0.964
0.973
0.953
0.972
0.972
0.948
0.946
0.954
0.960
0.961
0.922
0.960
0.939
0.967
0.978
0.987
0.973
0.953
0.988
0.977
0.933
0.951
0.969
0.988
0.981
0.989
0.966
0.959
0.962
0.954
0.911
0.877
0.953
0.988
0.971
0.984
0.996
0.994
0.974
0.967
0.957
0.955
0.891
0.888
0.898
0.943
0.942
0.940
0.963
0.888
0.866
0.883
0.954
0.921
0.927
0.989
0.988
0.965
0.975
0.992
0.952
0.981
0.969
0.982
0.985
0.957
0.972
0.982
0.956
0.877
0.891
0.996
0.986
0.963
0.979
0.957
0.962
0.854
0.983
0.954
0.968
0.943
0.904
0.731
0.967
0.986
0.854
0.763
0.914
0.844
0.992
0.963
0.906
0.875
0.789
0.848
0.973
0.920
0.782
0.892
0.918
0.906
0.971
0.945
0.982
0.959
0.807
0.750
0.948
0.869
0.667
0.662
0.704
0.896
0.751
0.946
0.925
0.987
0.914
0.769
0.918
0.786
0.637
0.780
0.747
0.706
0.664
0.717
0.799
0.911
0.733
0.852
0.904
0.952
0.819
0.827
0.980
0.759
0.848
0.830
0.829
0.875
0.792
0.807
0.892
0.807
0.802
0.708
0.786
0.969
0.936
0.943
0.978
0.936
0.857
0.917
0.871
0.747
0.640
0.730
0.686
0.621
0.698
0.830
0.859
0.813
0.714
0.910
0.913
0.857
0.906
0.789
0.777
0.930
0.889
0.986
0.968
0.846
0.923
0.838
0.975
0.960
0.967
0.831
0.767
0.864
0.869
0.946
0.753
0.835
0.966
0.815
0.903
0.920
0.888
0.880
0.910
0.888
0.905
0.819
0.881
0.971
0.871
0.862
0.852
0.897
0.859
0.908
0.792
0.886
0.912
0.923
0.760
0.771
0.741
0.957
0.790
0.720
0.776
0.876
0.827
0.900
0.931
0.948
0.984
0.985
0.966
0.986
0.944
0.963
0.937
0.775
0.799
0.837
0.920
0.915
0.892
0.906
0.766
0.829
0.881
0.933
0.987
0.938
0.921
0.843
0.946
0.961
0.880
0.863
0.797
0.960
0.922
0.969
0.953
0.989
0.978
0.885
0.871
0.652
0.824
0.976
0.993
0.995
0.974
0.947
0.967
0.946
0.955
0.935
0.952
0.962
0.969
0.925
0.992
0.977
0.939
0.884
0.936
0.979
0.963
0.946
0.993
0.987
0.896
0.939
0.946
0.966
0.951
0.963
0.962
0.959
0.945
0.924
0.973
0.977
0.981
0.989
0.983
0.988
0.951
0.903
0.905
0.970
0.963
0.946
0.964
0.947
0.968
0.968
0.907
0.783
0.960
0.939
0.976
0.967
0.988
0.955
0.980
0.961
0.948
0.976
0.986
0.976
0.955
0.874
0.929
0.932
0.920
0.894
0.883
0.916
0.899
0.877
0.745
0.860
0.953
0.907
0.941
0.917
0.917
0.909
0.926
0.957
0.954
0.953
0.971
0.948
0.941
0.974
0.968
0.891
0.915
0.914
0.847
0.863
0.932
0.956
0.932
0.934
0.900
0.967
0.933
0.914
0.879
0.850
0.878
0.921
0.890
0.878
0.878
0.859
0.877
0.909
0.921
0.969
0.959
0.902
0.895
0.916
0.942
0.925
0.988
0.985
0.976
0.956
0.931
0.948
0.982
0.948
0.917
0.940
0.923
0.866
0.917
0.939
0.927
0.937
0.888
0.953
0.922
0.914
0.961
0.991
0.978
0.930
0.867
0.988
0.994
0.921
0.949
0.995
0.989
0.971
0.973
0.960
0.941
0.980
0.961
0.910
0.918
0.971
0.902
0.879
0.981
0.932
0.992
0.952
0.837
0.849
0.971
0.959
0.870
0.826
0.892
0.806
0.903
0.919
0.990
0.947
0.973
0.931
0.901
0.877
0.879
0.770
0.776
0.699
0.774
0.801
0.740
0.838
0.917
0.923
0.964
0.940
0.947
0.796
0.911
0.937
0.857
0.824
0.986
0.936
0.879
0.893
0.843
0.752
0.933
0.987
0.888
0.952
0.911
0.918
0.766
0.720
0.803
0.854
0.932
0.888
0.909
0.750
0.860
0.745
0.755
0.737
0.704
0.736
0.763
0.778
0.787
0.810
0.793
0.697
0.627
0.609
0.668
0.685
0.780
0.748
0.805
0.831
0.713
0.641
0.802
0.733
0.881
0.894
0.808
0.727
0.702
0.708
0.675
0.688
0.669
0.656
0.649
0.615
0.675
0.763
0.848
0.757
0.665
0.626
0.700
0.714
0.705
0.864
0.737
0.704
0.708
0.956
0.732
0.687
0.719
0.804
0.734
0.720
0.725
0.673
0.674
0.589
0.585
0.597
0.673
0.565
0.587
0.526
0.690
0.739
0.795
0.809
0.753
0.745
0.721
0.788
0.794
0.662
0.563
0.682
0.649
0.618
0.747
0.850
0.894
0.954
0.784
0.864
0.640
0.639
0.677
0.808
0.812
0.941
0.941
0.897
0.909
0.962
0.981
0.818
0.704
0.719
0.663
0.642
0.567
0.481
0.637
0.619
0.911
0.911
0.635
0.733
0.772
0.738
0.943
0.808
0.891
0.781
0.887
0.810
0.962
0.813
0.958
0.935
0.994
0.993
0.971
0.972
0.984
0.929
0.891
0.914
0.830
0.689
0.792
0.926
0.949
0.960
0.957
0.919
0.773
0.870
0.923
0.978
0.988
0.958
0.983
0.973
0.940
0.911
0.975
0.905
0.826
0.940
0.945
0.960
0.939
0.980
0.944
0.980
0.949
0.945
0.975
0.967
0.937
0.978
0.884
0.857
0.967
0.959
0.961
0.970
0.995
0.953
0.969
0.963
0.959
0.958
0.961
0.943
0.804
0.902
0.841
0.890
0.731
0.874
0.941
0.978
0.946
0.855
0.947
0.900
0.930
0.957
0.943
0.950
0.955
0.960
0.940
0.853
0.756
0.811
0.879
0.941
0.975
0.978
0.987
0.976
0.972
0.959
0.860
0.881
0.955
0.970
0.941
0.923
0.967
0.969
0.944
0.981
0.974
0.943
0.947
0.908
0.932
0.944
0.914
0.970
0.943
0.886
0.813
0.850
0.947
0.895
0.952
0.905
0.879
0.881
0.939
0.951
0.940
0.935
0.874
0.900
0.928
0.952
0.937
0.940
0.931
0.966
0.958
0.976
0.954
0.972
0.943
0.884
0.960
0.945
0.963
0.979
0.989
0.963
0.907
0.895
0.932
0.930
0.872
0.912
0.909
0.917
0.949
0.913
0.903
0.978
0.975
0.957
0.926
0.897
0.966
0.972
0.986
0.980
0.935
0.903
0.855
0.895
0.949
0.992
0.944
0.979
0.978
0.975
0.974
0.959
0.945
0.951
0.967
0.957
0.928
0.983
0.983
0.956
0.989
0.875
0.866
0.913
0.912
0.982
0.984
0.969
0.979
0.986
0.990
0.986
0.961
0.991
0.936
0.952
0.959
0.920
0.975
0.936
0.994
0.954
0.964
0.994
0.997
0.997
0.961
0.880
0.853
0.988
0.956
0.905
0.972
0.927
0.908
0.949
0.910
0.782
0.980
0.987
0.869
0.985
0.976
0.753
0.685
0.963
0.818
0.848
0.985
0.895
0.689
0.900
0.779
0.879
0.901
0.935
0.704
0.972
0.914
0.875
0.927
0.905
0.875
0.849
0.713
0.731
0.720
0.868
0.764
0.844
0.876
0.788
0.703
0.883
0.695
0.651
0.902
0.961
0.778
0.861
0.846
0.890
0.771
0.691
0.584
0.835
0.679
0.630
0.904
0.901
0.784
0.815
0.768
0.887
0.753
0.696
0.959
0.862
0.790
0.848
0.829
0.751
0.866
0.821
0.799
0.725
0.818
0.786
0.836
0.728
0.723
0.947
0.855
0.729
0.832
0.691
0.625
0.635
0.700
0.749
0.668
0.662
0.718
0.862
0.766
0.812
0.718
0.661
0.852
0.904
0.821
0.806
0.822
0.810
0.697
0.792
0.716
0.727
0.923
0.924
0.734
0.619
0.830
0.925
0.931
0.781
0.716
0.868
0.867
0.931
0.874
0.756
0.737
0.813
0.738
0.751
0.748
0.688
0.717
0.719
0.836
0.961
0.896
0.831
0.960
0.949
0.798
0.763
0.727
0.833
0.764
0.656
0.790
0.912
0.932
0.908
0.843
0.809
0.758
0.807
0.791
0.763
0.831
0.793
0.776
0.788
0.855
0.864
0.860
0.915
0.960
0.895
0.797
0.755
0.857
0.935
0.762
0.739
0.856
0.891
0.949
0.945
0.864
0.758
0.789
0.822
0.864
0.929
0.928
0.860
0.960
0.922
0.865
0.701
0.666
0.863
0.901
0.897
0.893
0.868
0.920
0.870
0.910
0.940
0.885
0.813
0.816
0.933
0.867
0.860
0.907
0.888
0.968
0.983
0.919
0.568
0.788
0.947
0.879
0.949
0.952
0.946
0.959
0.951
0.948
0.962
0.849
0.803
0.911
0.693
0.625
0.757
0.678
0.852
0.843
0.878
0.950
0.930
0.917
0.902
0.880
0.831
0.861
0.931
0.960
0.972
0.981
0.974
0.972
0.960
0.909
0.892
0.930
0.963
0.960
0.927
0.911
0.971
0.887
0.907
0.958
0.925
0.920
0.906
0.966
0.919
0.835
0.778
0.805
0.916
0.954
0.955
0.970
0.956
0.910
0.919
0.897
0.876
0.849
0.806
0.851
0.841
0.936
0.954
0.951
0.966
0.925
0.884
0.917
0.892
0.882
0.879
0.899
0.986
0.987
0.947
0.941
0.923
0.927
0.923
0.929
0.917
0.938
0.938
0.939
0.928
0.875
0.891
0.909
0.884
0.797
0.792
0.881
0.899
0.911
0.876
0.893
0.895
0.941
0.961
0.928
0.896
0.931
0.925
0.967
0.967
0.926
0.878
0.937
0.951
0.996
0.986
0.938
0.943
0.950
0.990
0.989
0.988
0.979
0.906
0.928
0.897
0.942
0.848
0.963
0.966
0.702
0.821
0.875
0.918
0.976
0.851
0.973
0.894
0.912
0.854
0.797
0.987
0.811
0.903
0.984
0.940
0.963
0.910
0.987
0.884
0.986
0.980
0.862
0.827
0.972
0.791
0.877
0.817
0.867
0.841
0.939
0.907
0.880
0.788
0.955
0.984
0.784
0.915
0.975
0.963
0.845
0.865
0.921
0.996
0.815
0.701
0.917
0.992
0.891
0.892
0.769
0.878
0.840
0.989
0.963
0.880
0.975
0.821
0.831
0.842
0.955
0.761
0.892
0.937
0.814
0.806
0.777
0.781
0.943
0.872
0.894
0.951
0.876
0.863
0.942
0.955
0.621
0.681
0.772
0.725
0.830
0.877
0.985
0.726
0.729
0.809
0.707
0.928
0.860
0.700
0.786
0.923
0.726
0.960
0.813
0.814
0.891
0.974
0.887
0.724
0.653
0.731
0.698
0.613
0.789
0.795
0.675
0.735
0.751
0.748
0.718
0.821
0.899
0.756
0.665
0.540
0.808
0.952
0.796
0.745
0.872
0.864
0.714
0.840
0.835
0.763
0.655
0.671
0.839
0.692
0.818
0.889
0.886
0.967
0.802
0.793
0.771
0.975
0.973
0.971
0.971
0.776
0.781
0.960
0.863
0.931
0.763
0.827
0.831
0.785
0.801
0.860
0.806
0.782
0.661
0.775
0.757
0.890
0.853
0.815
0.757
0.811
0.795
0.803
0.813
0.958
0.967
0.961
0.936
0.862
0.810
0.829
0.785
0.856
0.883
0.936
0.822
0.904
0.843
0.828
0.972
0.960
0.909
0.921
0.850
0.839
0.890
0.865
0.819
0.730
0.695
0.778
0.712
0.695
0.741
0.616
0.858
0.789
0.907
0.867
0.820
0.884
0.843
0.854
0.786
0.749
0.612
0.574
0.578
0.745
0.872
0.874
0.866
0.847
0.939
0.946
0.872
0.622
0.835
0.812
0.801
0.675
0.801
0.772
0.818
0.843
0.731
0.799
0.813
0.767
0.948
0.885
0.884
0.890
0.931
0.938
0.939
0.891
0.938
0.942
0.914
0.943
0.966
0.943
0.982
0.980
0.963
0.913
0.962
0.906
0.811
0.908
0.985
0.964
0.948
0.965
0.945
0.921
0.915
0.950
0.889
0.922
0.981
0.916
0.953
0.894
0.955
0.919
0.849
0.809
0.970
0.962
0.968
0.963
0.949
0.930
0.940
0.955
0.937
0.895
0.805
0.866
0.857
0.866
0.816
0.883
0.896
0.941
0.964
0.909
0.876
0.955
0.957
0.843
0.828
0.893
0.925
0.951
0.975
0.983
0.985
0.783
0.696
0.839
0.848
0.879
0.909
0.937
0.963
0.925
0.940
0.926
0.901
0.833
0.833
0.884
0.953
0.982
0.959
0.956
0.952
0.971
0.934
0.965
0.945
0.969
0.977
0.957
0.892
0.846
0.854
0.815
0.933
0.980
0.954
0.934
0.936
0.905
0.983
0.936
0.904
0.900
0.898
0.922
0.919
0.979
0.944
0.962
0.985
0.954
0.983
0.991
0.971
0.982
0.985
0.986
0.996
0.994
0.950
0.945
0.983
0.952
0.947
0.955
0.960
0.986
0.948
0.908
0.983
0.990
0.992
0.965
0.955
0.981
0.990
0.983
0.985
0.962
0.994
0.995
0.986
0.994
0.982
0.977
0.974
0.992
0.971
0.996
0.996
0.993
0.979
0.994
0.981
0.956
0.986
0.948
0.923
0.913
0.964
0.991
0.986
0.875
0.944
0.930
0.972
0.930
0.880
0.878
0.860
0.889
0.961
0.945
0.910
0.988
0.985
0.877
0.826
0.888
0.875
0.971
0.905
0.834
0.883
0.928
0.969
0.970
0.955
0.941
0.874
0.842
0.856
0.844
0.804
0.802
0.758
0.637
0.657
0.876
0.883
0.874
0.964
0.732
0.626
0.729
0.895
0.856
0.798
0.698
0.818
0.839
0.946
0.818
0.707
0.715
0.817
0.770
0.867
0.812
0.889
0.890
0.857
0.719
0.700
0.849
0.779
0.711
0.696
0.627
0.622
0.641
0.575
0.547
0.734
0.677
0.822
0.798
0.712
0.731
0.697
0.832
0.874
0.731
0.709
0.913
0.819
0.970
0.949
0.867
0.890
0.964
0.787
0.949
0.807
0.858
0.965
0.809
0.896
0.734
0.843
0.843
0.716
0.720
0.948
0.761
0.740
0.740
0.877
0.744
0.801
0.780
0.834
0.804
0.949
0.785
0.676
0.734
0.792
0.748
0.733
0.697
0.820
0.854
0.592
0.728
0.751
0.459
0.534
0.742
0.909
0.767
0.848
0.875
0.933
0.807
0.794
0.720
0.828
0.681
0.771
0.964
0.927
0.836
0.833
0.872
0.874
0.869
0.887
0.945
0.881
0.726
0.949
0.735
0.712
0.613
0.483
0.738
0.798
0.957
0.767
0.696
0.825
0.753
0.752
0.860
0.865
0.844
0.878
0.941
0.852
0.798
0.733
0.775
0.915
0.854
0.717
0.892
0.622
0.844
0.783
0.778
0.710
0.559
0.655
0.920
0.871
0.673
0.892
0.805
0.951
0.926
0.922
0.850
0.900
0.866
0.919
0.928
0.961
0.854
0.959
0.996
0.983
0.935
0.919
0.960
0.971
0.764
0.753
0.765
0.929
0.940
0.954
0.947
0.935
0.935
0.880
0.725
0.820
0.884
0.806
0.823
0.937
0.986
0.965
0.955
0.894
0.947
0.850
0.833
0.851
0.885
0.832
0.867
0.861
0.950
0.939
0.957
0.965
0.924
0.951
0.977
0.974
0.983
0.986
0.974
0.982
0.988
0.955
0.959
0.940
0.947
0.891
0.925
0.959
0.967
0.972
0.982
0.944
0.915
0.984
0.916
0.893
0.903
0.921
0.952
0.974
0.922
0.890
0.969
0.944
0.984
0.894
0.895
0.963
0.935
0.965
0.945
0.968
0.950
0.976
0.974
0.924
0.981
0.970
0.976
0.969
0.980
0.961
0.976
0.977
0.978
0.977
0.968
0.963
0.969
0.987
0.967
0.945
0.972
0.986
0.980
0.991
0.985
0.990
0.988
0.981
0.964
0.902
0.927
0.969
0.946
0.954
0.989
0.986
0.953
0.952
0.952
0.950
0.967
0.975
0.976
0.978
0.964
0.976
0.984
0.980
0.983
0.985
0.991
0.990
0.986
0.919
0.935
0.947
0.967
0.927
0.891
0.898
0.987
0.896
0.745
0.820
0.739
0.755
0.800
0.724
0.708
0.710
0.704
0.658
0.771
0.743
0.841
0.745
0.712
0.707
0.771
0.994
0.970
0.954
0.933
0.830
0.945
0.836
0.721
0.799
0.693
0.812
0.745
0.922
0.717
0.954
0.755
0.929
0.819
0.735
0.709
0.757
0.800
0.813
0.895
0.883
0.724
0.699
0.797
0.980
0.991
0.971
0.964
0.967
0.861
0.872
0.869
0.729
0.722
0.896
0.816
0.763
0.904
0.919
0.868
0.818
0.784
0.780
0.776
0.864
0.814
0.789
0.880
0.859
0.857
0.849
0.727
0.750
0.891
0.835
0.789
0.726
0.820
0.916
0.846
0.826
0.695
0.785
0.692
0.777
0.959
0.796
0.750
0.746
0.711
0.699
0.567
0.509
0.515
0.596
0.560
0.558
0.675
0.869
0.635
0.775
0.684
0.703
0.824
0.844
0.800
0.839
0.684
0.671
0.722
0.941
0.756
0.659
0.682
0.802
0.961
0.827
0.861
0.915
0.805
0.863
0.933
0.742
0.870
0.967
0.848
0.903
0.954
0.863
0.759
0.784
0.683
0.737
0.690
0.726
0.750
0.927
0.966
0.789
0.887
0.759
0.806
0.958
0.983
0.963
0.996
0.996
0.995
0.897
0.965
0.939
0.861
0.802
0.903
0.847
0.928
0.938
0.819
0.928
0.879
0.759
0.709
0.595
0.880
0.960
0.862
0.947
0.959
0.945
0.919
0.821
0.776
0.866
0.811
0.948
0.797
0.781
0.821
0.852
0.807
0.768
0.885
0.736
0.797
0.703
0.610
0.918
0.902
0.912
0.929
0.947
0.964
0.974
0.978
0.993
0.992
0.971
0.906
0.983
0.971
0.906
0.896
0.927
0.973
0.922
0.904
0.947
0.959
0.943
0.963
0.980
0.964
0.907
0.962
0.942
0.930
0.942
0.935
0.956
0.955
0.978
0.991
0.996
0.996
0.985
0.959
0.967
0.938
0.970
0.965
0.961
0.975
0.964
0.960
0.989
0.967
0.983
0.960
0.964
0.927
0.963
0.978
0.976
0.936
0.901
0.909
0.871
0.847
0.835
0.807
0.886
0.885
0.923
0.899
0.878
0.907
0.937
0.871
0.889
0.939
0.969
0.939
0.926
0.944
0.970
0.977
0.957
0.950
0.891
0.967
0.967
0.975
0.983
0.984
0.980
0.976
0.976
0.972
0.966
0.966
0.915
0.934
0.967
0.914
0.906
0.908
0.870
0.923
0.939
0.889
0.983
0.980
0.978
0.967
0.941
0.975
0.976
0.965
0.978
0.843
0.880
0.893
0.871
0.870
0.886
0.837
0.911
0.873
0.829
0.860
0.902
0.947
0.966
0.974
0.965
0.920
0.964
0.978
0.987
0.968
0.977
0.987
0.988
0.990
0.955
0.937
0.926
0.978
0.981
0.981
0.976
0.971
0.982
0.960
0.978
0.964
0.987
0.971
0.967
0.920
0.927
0.950
0.931
0.962
0.923
0.896
0.958
0.975
0.988
0.986
0.992
0.993
0.982
0.981
0.982
0.982
0.978
0.988
0.946
0.969
0.985
0.997
0.996
0.983
0.981
0.986
0.984
0.983
0.987
0.990
0.991
0.995
0.988
0.987
0.996
0.995
0.995
0.991
0.995
0.992
0.967
0.977
0.988
0.934
0.984
0.988
0.817
0.978
0.987
0.885
0.899
0.874
0.896
0.734
0.689
0.740
0.829
0.857
0.865
0.969
0.930
0.975
0.954
0.975
0.897
0.832
0.774
0.655
0.595
0.549
0.527
0.715
0.770
0.803
0.683
0.824
0.905
0.956
0.944
0.930
0.830
0.802
0.882
0.863
0.877
0.914
0.856
0.812
0.929
0.933
0.846
0.742
0.746
0.785
0.797
0.765
0.722
0.786
0.790
0.769
0.739
0.768
0.815
0.922
0.928
0.811
0.912
0.672
0.771
0.911
0.783
0.675
0.669
0.807
0.918
0.919
0.970
0.755
0.658
0.926
0.865
0.770
0.922
0.821
0.895
0.951
0.777
0.748
0.822
0.866
0.881
0.840
0.725
0.716
0.800
0.858
0.818
0.797
0.763
0.757
0.772
0.944
0.828
0.717
0.739
0.824
0.945
0.847
0.930
0.880
0.766
0.730
0.718
0.937
0.809
0.763
0.957
0.759
0.761
0.794
0.820
0.814
0.779
0.740
0.815
0.949
0.865
0.786
0.698
0.771
0.764
0.948
0.834
0.716
0.791
0.838
0.894
0.927
0.973
0.934
0.877
0.722
0.700
0.821
0.790
0.779
0.783
0.883
0.802
0.881
0.864
0.787
0.793
0.711
0.840
0.805
0.955
0.956
0.856
0.670
0.714
0.889
0.854
0.856
0.853
0.804
0.766
0.747
0.880
0.888
0.929
0.902
0.729
0.877
0.765
0.790
0.859
0.937
0.882
0.812
0.708
0.818
0.878
0.941
0.853
0.937
0.912
0.859
0.889
0.868
0.868
0.816
0.854
0.899
0.878
0.862
0.868
0.946
0.944
0.900
0.890
0.855
0.922
0.876
0.945
0.909
0.915
0.922
0.895
0.943
0.959
0.931
0.881
0.953
0.976
0.963
0.973
0.969
0.957
0.902
0.969
0.951
0.974
0.924
0.907
0.975
0.987
0.964
0.979
0.974
0.985
0.988
0.973
0.974
0.976
0.973
0.988
0.990
0.987
0.979
0.971
0.860
0.846
0.890
0.929
0.901
0.932
0.952
0.894
0.849
0.846
0.844
0.900
0.933
0.920
0.789
0.758
0.759
0.792
0.795
0.914
0.949
0.922
0.908
0.946
0.922
0.963
0.959
0.925
0.873
0.905
0.923
0.927
0.950
0.934
0.950
0.946
0.886
0.909
0.919
0.918
0.940
0.938
0.940
0.923
0.946
0.883
0.921
0.918
0.898
0.890
0.897
0.873
0.883
0.940
0.859
0.882
0.914
0.942
0.944
0.939
0.948
0.880
0.859
0.946
0.971
0.951
0.958
0.956
0.930
0.961
0.944
0.947
0.902
0.905
0.895
0.931
0.919
0.958
0.902
0.933
0.948
0.897
0.898
0.892
0.888
0.895
0.872
0.890
0.907
0.915
0.899
0.946
0.951
0.973
0.968
0.969
0.955
0.935
0.937
0.959
0.954
0.913
0.926
0.894
0.877
0.907
0.875
0.919
0.927
0.915
0.891
0.935
0.921
0.940
0.932
0.933
0.975
0.931
0.958
0.902
0.906
0.932
0.957
0.956
0.982
0.985
0.946
0.965
0.948
0.966
0.941
0.895
0.837
0.926
0.949
0.939
0.922
0.932
0.888
0.917
0.835
0.896
0.736
0.850
0.908
0.724
0.717
0.801
0.672
0.625
0.595
0.608
0.843
0.737
0.769
0.727
0.775
0.713
0.815
0.733
0.675
0.650
0.888
0.871
0.815
0.755
0.820
0.774
0.630
0.673
0.550
0.864
0.940
0.703
0.673
0.968
0.820
0.755
0.877
0.966
0.912
0.860
0.894
0.847
0.816
0.863
0.864
0.831
0.864
0.857
0.807
0.844
0.895
0.923
0.711
0.761
0.845
0.804
0.785
0.780
0.803
0.821
0.838
0.741
0.949
0.794
0.837
0.819
0.764
0.529
0.923
0.761
0.718
0.680
0.808
0.703
0.899
0.898
0.848
0.779
0.911
0.948
0.787
0.743
0.755
0.897
0.951
0.913
0.795
0.793
0.733
0.743
0.749
0.723
0.699
0.729
0.707
0.638
0.744
0.936
0.740
0.731
0.759
0.797
0.791
0.795
0.962
0.715
0.718
0.671
0.879
0.873
0.957
0.753
0.780
0.655
0.596
0.765
0.921
0.895
0.922
0.945
0.964
0.815
0.880
0.876
0.814
0.789
0.839
0.832
0.826
0.828
0.866
0.833
0.893
0.775
0.815
0.729
0.758
0.789
0.833
0.744
0.760
0.802
0.830
0.847
0.823
0.896
0.953
0.832
0.876
0.884
0.730
0.699
0.693
0.833
0.794
0.627
0.639
0.778
0.944
0.934
0.937
0.810
0.895
0.856
0.559
0.607
0.795
0.731
0.607
0.870
0.787
0.862
0.889
0.846
0.745
0.880
0.837
0.820
0.820
0.747
0.858
0.908
0.923
0.987
0.976
0.980
0.822
0.747
0.802
0.847
0.920
0.940
0.877
0.931
0.939
0.936
0.926
0.944
0.963
0.941
0.892
0.956
0.929
0.919
0.968
0.957
0.956
0.928
0.947
0.930
0.913
0.922
0.920
0.890
0.874
0.857
0.856
0.833
0.902
0.948
0.954
0.961
0.955
0.814
0.843
0.919
0.935
0.960
0.960
0.951
0.910
0.844
0.880
0.897
0.949
0.921
0.965
0.969
0.948
0.935
0.929
0.932
0.931
0.911
0.868
0.935
0.941
0.924
0.906
0.932
0.926
0.828
0.833
0.929
0.930
0.892
0.896
0.895
0.899
0.872
0.828
0.854
0.920
0.899
0.942
0.959
0.939
0.907
0.890
0.898
0.880
0.898
0.891
0.901
0.919
0.909
0.942
0.962
0.948
0.930
0.865
0.924
0.943
0.977
0.950
0.948
0.864
0.938
0.923
0.913
0.920
0.943
0.897
0.873
0.881
0.806
0.862
0.920
0.930
0.893
0.906
0.911
0.924
0.931
0.851
0.829
0.919
0.953
0.971
0.985
0.937
0.946
0.941
0.942
0.891
0.922
0.940
0.952
0.943
0.950
0.891
0.916
0.948
0.962
0.899
0.938
0.968
0.925
0.970
0.916
0.899
0.909
0.947
0.923
0.927
0.939
0.940
0.940
0.854
0.865
0.930
0.955
0.916
0.922
0.963
0.931
0.871
0.876
0.926
0.948
0.966
0.975
0.953
0.950
0.921
0.963
0.966
0.961
0.960
0.955
0.944
0.923
0.940
0.951
0.903
0.906
0.883
0.756
0.916
0.872
0.781
0.697
0.597
0.562
0.896
0.889
0.827
0.878
0.830
0.889
0.939
0.955
0.939
0.753
0.575
0.688
0.896
0.818
0.747
0.672
0.571
0.702
0.921
0.926
0.881
0.898
0.718
0.859
0.910
0.968
0.981
0.893
0.729
0.639
0.619
0.663
0.606
0.602
0.572
0.731
0.802
0.724
0.643
0.757
0.844
0.808
0.719
0.654
0.605
0.609
0.663
0.753
0.771
0.754
0.817
0.689
0.839
0.832
0.750
0.725
0.776
0.714
0.846
0.961
0.869
0.783
0.832
0.751
0.911
0.859
0.722
0.724
0.857
0.826
0.755
0.962
0.958
0.829
0.781
0.775
0.866
0.889
0.951
0.963
0.790
0.770
0.911
0.885
0.882
0.820
0.850
0.805
0.723
0.731
0.909
0.738
0.688
0.934
0.918
0.791
0.783
0.966
0.778
0.723
0.801
0.798
0.751
0.783
0.915
0.819
0.833
0.854
0.782
0.740
0.963
0.746
0.710
0.905
0.950
0.981
0.837
0.768
0.763
0.733
0.625
0.737
0.925
0.929
0.955
0.841
0.841
0.815
0.856
0.829
0.844
0.879
0.916
0.856
0.839
0.849
0.800
0.652
0.474
0.524
0.718
0.766
0.663
0.936
0.900
0.860
0.713
0.724
0.587
0.616
0.831
0.917
0.938
0.784
0.561
0.658
0.691
0.700
0.867
0.867
0.967
0.868
0.811
0.807
0.820
0.912
0.932
0.769
0.789
0.761
0.734
0.824
0.870
0.925
0.980
0.979
0.972
0.961
0.953
0.967
0.975
0.955
0.924
0.887
0.927
0.890
0.941
0.897
0.840
0.952
0.937
0.923
0.904
0.868
0.946
0.977
0.986
0.928
0.919
0.945
0.933
0.896
0.849
0.861
0.853
0.887
0.849
0.884
0.935
0.940
0.956
0.962
0.973
0.925
0.873
0.867
0.828
0.957
0.939
0.896
0.917
0.958
0.869
0.928
0.898
0.923
0.994
0.996
0.994
0.995
0.976
0.987
0.997
0.947
0.946
0.865
0.885
0.947
0.979
0.931
0.924
0.907
0.971
0.940
0.954
0.959
0.955
0.940
0.908
0.963
0.961
0.892
0.969
0.951
0.918
0.871
0.853
0.773
0.883
0.870
0.851
0.915
0.989
0.988
0.976
0.982
0.978
0.973
0.958
0.970
0.962
0.970
0.889
0.924
0.916
0.979
0.911
0.970
0.990
0.936
0.948
0.957
0.918
0.928
0.986
0.947
0.976
0.926
0.932
0.926
0.997
1.000
0.995
0.994
0.998
0.996
0.995
0.991
0.972
0.937
0.921
0.980
0.892
0.967
0.964
0.993
0.993
0.984
0.973
0.960
0.987
0.915
0.862
0.900
0.844
0.871
0.813
0.849
0.735
0.739
0.626
0.854
0.836
0.851
0.921
0.949
0.906
0.934
0.919
0.831
0.791
0.706
0.804
0.866
0.733
0.747
0.840
0.788
0.805
0.756
0.805
0.793
0.908
0.730
0.639
0.701
0.682
0.597
0.588
0.641
0.767
0.801
0.783
0.879
0.924
0.796
0.756
0.699
0.645
0.698
0.806
0.780
0.850
0.694
0.739
0.761
0.966
0.803
0.628
0.698
0.777
0.965
0.866
0.778
0.738
0.719
0.795
0.782
0.849
0.886
0.831
0.958
0.778
0.918
0.774
0.713
0.788
0.848
0.968
0.797
0.708
0.776
0.864
0.971
0.941
0.794
0.699
0.577
0.497
0.486
0.898
0.825
0.660
0.680
0.675
0.701
0.655
0.733
0.691
0.761
0.713
0.903
0.708
0.759
0.960
0.842
0.720
0.850
0.961
0.779
0.970
0.811
0.759
0.924
0.928
0.782
0.706
0.788
0.915
0.754
0.823
0.759
0.745
0.685
0.841
0.860
0.734
0.818
0.961
0.980
0.833
0.795
0.658
0.771
0.840
0.765
0.942
0.776
0.838
0.755
0.848
0.717
0.627
0.584
0.507
0.607
0.578
0.569
0.929
0.725
0.777
0.816
0.783
0.863
0.775
0.717
0.892
0.961
0.797
0.790
0.798
0.783
0.775
0.731
0.805
0.767
0.816
0.799
0.754
0.775
0.974
0.988
0.917
0.718
0.797
0.792
0.814
0.812
0.827
0.913
0.786
0.791
0.778
0.711
0.778
0.728
0.699
0.709
0.763
0.971
0.970
0.972
0.985
1.000
0.979
0.960
0.887
0.559
0.759
0.795
0.729
0.893
0.923
0.694
0.601
0.892
0.947
0.998
0.988
0.967
0.924
0.849
0.746
0.724
0.742
0.819
0.877
0.950
0.974
0.944
0.913
0.933
0.891
0.851
0.875
0.848
0.580
0.448
0.450
0.464
0.586
0.584
0.396
0.521
0.571
0.711
0.818
0.556
0.344
0.599
0.514
0.724
0.606
0.711
0.644
0.860
0.974
0.929
0.918
0.776
0.936
0.949
0.875
0.934
0.949
0.964
0.875
0.947
0.966
0.943
0.956
0.855
0.919
0.878
0.967
0.986
0.961
0.930
0.944
1.020
0.892
0.865
0.892
0.936
0.924
0.996
0.991
0.923
0.934
0.961
0.962
0.973
0.974
0.976
0.985
1.002
0.847
0.963
0.942
0.960
0.890
0.940
0.900
0.937
0.968
0.968
0.972
0.973
0.927
0.949
0.903
0.936
0.982
0.963
0.942
0.885
0.927
0.916
0.832
0.791
0.843
0.827
0.850
0.917
0.896
0.829
0.849
0.887
0.890
0.920
0.942
0.962
0.984
0.979
0.984
0.905
0.906
0.865
0.922
0.985
0.992
0.985
0.976
0.976
0.990
0.916
0.923
0.952
1.003
0.985
0.969
0.958
0.989
0.901
0.920
0.978
1.002
1.002
1.008
0.946
0.862
0.978
0.960
0.990
0.957
0.931
0.937
0.959
0.952
0.975
0.987
0.954
0.987
0.989
0.998
0.963
0.948
0.862
0.901
0.890
0.888
0.901
0.942
0.907
0.928
0.954
0.957
0.934
0.948
0.956
0.965
0.988
0.978
0.997
0.990
0.986
0.974
0.986
0.969
0.973
0.915
1.008
0.987
0.911
0.932
0.857
0.846
0.821
0.846
0.846
0.896
0.919
0.801
0.807
0.799
0.768
0.734
0.891
0.816
0.621
0.594
0.968
0.818
0.916
0.731
0.850
0.849
0.763
0.833
0.830
0.745
0.627
0.687
0.772
0.804
0.708
0.727
0.859
0.711
0.874
0.920
0.783
0.900
0.806
0.851
0.968
0.952
0.905
0.974
0.883
0.728
0.688
0.665
0.791
0.685
0.736
0.723
0.692
0.832
0.914
0.815
0.904
0.813
0.766
0.731
0.797
0.640
0.593
0.724
0.771
0.774
0.699
0.721
0.756
0.708
0.811
0.858
0.893
0.869
0.890
0.970
0.902
0.746
0.642
0.684
0.748
0.971
0.937
0.810
0.697
0.692
0.839
0.735
0.597
0.723
0.885
0.875
0.722
0.709
0.785
0.843
0.884
0.728
0.752
0.789
0.789
0.879
0.839
0.786
0.694
0.740
0.742
0.742
0.884
0.704
0.662
0.613
0.619
0.695
0.696
0.783
0.730
0.711
0.933
0.676
0.646
0.723
0.851
0.957
0.873
0.827
0.823
0.919
0.914
0.906
0.676
0.626
0.697
0.684
0.750
0.963
0.898
0.730
0.747
0.769
0.778
0.804
0.968
0.740
0.770
0.857
0.868
0.905
0.851
0.918
0.923
0.808
0.945
0.919
0.892
0.924
0.787
0.901
0.811
0.842
0.951
0.779
0.944
0.936
0.862
0.858
0.877
0.876
0.971
0.894
0.945
0.951
0.771
0.773
0.783
0.791
0.782
0.766
0.768
0.841
0.950
0.927
0.932
0.858
0.988
0.996
0.979
0.996
0.999
0.951
0.958
0.948
0.955
0.972
0.986
0.995
0.986
0.966
0.867
0.747
0.653
0.741
0.731
0.906
0.942
0.867
0.889
0.939
0.851
0.908
0.997
0.979
0.987
0.969
0.949
0.872
0.940
0.950
0.974
0.954
0.925
0.912
0.929
0.934
0.952
0.936
0.840
0.869
0.969
0.961
0.955
0.955
0.956
0.920
0.877
0.985
0.968
0.970
0.949
0.988
0.913
0.919
0.946
0.888
0.923
0.834
0.937
0.962
0.866
0.996
0.996
0.996
0.994
0.943
0.922
0.945
0.974
0.944
0.892
0.950
0.898
0.938
0.911
0.879
0.908
0.977
0.976
0.951
0.890
0.894
0.929
0.853
0.899
0.929
0.953
0.981
0.938
0.957
0.978
0.923
0.946
0.957
0.916
0.935
0.921
0.904
0.841
0.895
0.958
0.922
0.938
0.954
0.958
0.901
0.877
0.888
0.944
0.908
0.900
0.881
0.949
0.917
0.882
0.984
0.962
0.934
0.999
0.964
0.889
0.946
0.981
0.984
0.985
0.986
0.987
0.973
0.953
0.964
0.911
0.879
0.919
0.937
0.971
0.939
0.951
0.954
0.982
0.992
0.983
0.979
0.953
0.947
0.971
0.989
0.989
0.975
0.916
0.969
0.969
0.978
0.984
0.978
0.959
0.928
0.962
0.957
0.982
0.987
0.957
0.967
0.980
0.961
0.924
0.861
0.972
0.994
0.866
0.935
0.989
0.905
0.778
0.952
0.955
0.908
0.973
0.903
0.896
0.945
0.811
0.776
0.833
0.916
0.907
0.786
0.844
0.984
0.974
0.885
0.847
0.755
0.808
0.945
0.879
0.750
0.877
0.786
0.701
0.789
0.836
0.956
0.802
0.780
0.768
0.790
0.890
0.930
0.962
0.947
0.982
0.885
0.791
0.735
0.733
0.730
0.767
0.783
0.847
0.838
0.716
0.640
0.922
0.892
0.837
0.734
0.709
0.696
0.667
0.788
0.813
0.869
0.944
0.816
0.803
0.727
0.882
0.904
0.780
0.754
0.711
0.855
0.864
0.842
0.731
0.835
0.931
0.900
0.818
0.752
0.680
0.688
0.664
0.685
0.672
0.683
0.896
0.828
0.843
0.730
0.690
0.646
0.763
0.727
0.766
0.655
0.614
0.699
0.725
0.674
0.622
0.580
0.501
0.716
0.695
0.610
0.653
0.655
0.796
0.730
0.711
0.866
0.829
0.769
0.731
0.768
0.759
0.711
0.864
0.813
0.727
0.727
0.884
0.748
0.888
0.918
0.869
0.904
0.750
0.751
0.729
0.854
0.683
0.666
0.685
0.743
0.876
0.771
0.800
0.870
0.872
0.755
0.876
0.906
0.780
0.874
0.883
0.878
0.929
0.896
0.705
0.827
0.674
0.723
0.657
0.732
0.903
0.901
0.827
0.862
0.961
0.866
0.768
0.841
0.956
0.955
0.953
0.928
0.857
0.954
0.971
0.946
0.987
0.999
1.000
0.961
0.984
0.937
0.873
0.856
0.980
0.932
0.954
0.940
0.883
0.827
0.829
0.970
0.949
0.970
0.965
0.928
0.837
0.944
0.974
0.879
0.910
0.955
0.908
0.970
0.978
0.960
0.968
0.961
0.989
0.966
0.970
0.979
0.954
0.983
0.994
0.986
0.957
0.953
0.982
0.984
0.933
0.897
0.917
0.934
0.978
0.965
0.993
0.898
0.720
0.844
0.973
0.961
0.976
0.909
0.920
0.976
0.955
0.904
0.886
0.918
0.906
0.840
0.801
0.836
0.947
0.987
0.978
0.990
0.989
0.989
0.991
0.988
0.952
0.964
0.986
0.945
0.837
