19910101
0.977
0.961
0.994
0.986
0.942
0.953
0.977
0.974
0.964
0.976
0.992
0.988
0.978
0.971
0.962
0.912
0.858
0.822
0.867
0.896
0.908
0.909
0.834
0.868
0.914
0.895
0.901
0.832
0.799
0.883
0.905
0.925
0.906
0.919
0.921
0.876
0.853
0.854
0.949
0.940
0.968
0.864
0.891
0.889
0.863
0.905
0.951
0.924
0.939
0.977
0.951
0.961
0.958
0.943
0.970
0.941
0.971
0.943
0.980
0.975
0.985
0.971
0.979
0.981
0.984
0.983
0.970
0.975
0.990
0.976
0.989
0.971
0.974
0.969
0.972
0.896
0.978
0.952
0.953
0.937
0.953
0.957
0.919
0.864
0.970
0.957
0.887
0.858
0.897
0.904
0.919
0.905
0.986
0.963
0.938
0.973
0.941
0.931
0.959
0.937
0.873
0.870
0.930
0.925
0.993
0.993
0.956
0.961
0.923
0.894
0.955
0.921
0.970
0.971
0.978
0.980
0.966
0.936
0.973
0.950
0.967
0.991
0.990
0.985
0.985
0.977
0.976
0.991
0.842
0.904
0.977
0.987
0.987
0.982
0.977
0.971
0.973
0.987
0.995
0.995
0.990
0.984
0.981
0.974
0.989
0.996
0.985
0.975
0.996
0.993
0.974
0.993
0.978
0.992
0.996
0.998
0.998
0.997
0.993
0.894
0.973
0.989
0.987
0.995
0.984
0.896
0.889
0.987
0.950
0.955
0.861
0.808
0.787
0.856
1.013
1.003
0.950
0.983
0.829
0.873
0.807
0.764
0.703
0.786
0.818
0.871
0.721
0.786
0.941
0.919
0.800
0.891
0.912
0.965
0.974
0.824
0.757
0.933
0.750
0.763
0.995
0.995
0.957
0.848
0.923
0.985
0.952
0.989
0.941
0.911
0.758
0.857
0.989
0.982
0.981
0.928
0.888
0.833
0.708
0.652
0.809
0.937
0.808
0.903
0.757
0.790
0.732
0.702
0.686
0.717
0.725
0.888
0.864
0.774
0.879
0.821
0.752
0.735
0.830
0.662
0.798
0.688
0.641
0.632
0.781
0.727
0.724
0.654
0.745
0.865
0.777
0.700
0.612
0.704
0.883
0.889
0.807
0.862
0.768
0.830
0.736
0.735
0.838
0.757
0.811
0.829
0.766
0.715
0.829
0.930
0.900
0.901
0.932
0.915
0.897
0.859
0.734
0.805
0.830
0.791
0.922
0.884
0.795
0.687
0.905
0.796
0.835
0.814
0.858
0.796
0.868
0.868
0.928
0.913
0.907
0.905
0.954
0.951
0.982
0.968
0.936
0.929
0.890
0.822
0.639
0.756
0.904
0.937
0.856
0.887
0.877
0.943
0.954
0.933
0.874
0.934
0.957
0.952
0.947
0.974
0.969
0.960
0.976
0.987
0.981
0.982
0.981
0.977
0.984
0.890
0.879
0.924
0.948
0.864
0.821
0.836
0.811
0.838
0.911
0.933
0.943
0.952
0.879
0.810
0.881
0.822
0.790
0.784
0.820
0.879
0.941
0.966
0.970
0.960
0.961
0.994
0.980
0.967
0.963
0.958
0.962
0.930
0.842
0.891
0.871
0.863
0.928
0.919
0.964
0.966
0.948
0.940
0.947
0.983
0.977
0.933
0.917
0.949
0.940
0.965
0.937
0.955
0.926
0.945
0.962
0.860
0.932
0.968
0.987
0.977
0.980
0.938
0.833
0.930
0.917
0.964
0.927
0.888
0.943
0.956
0.977
0.973
0.903
0.913
0.934
0.954
0.957
0.990
0.980
0.970
0.947
0.959
0.927
0.906
0.897
0.877
0.912
0.938
0.937
0.918
0.968
0.947
0.937
0.940
0.935
0.936
0.945
0.945
0.943
0.915
0.956
0.980
0.982
0.985
0.990
0.968
0.921
0.980
0.969
0.977
0.975
0.954
0.951
0.964
0.982
0.986
0.976
0.986
0.980
0.956
0.930
0.974
0.936
0.944
0.977
0.980
0.984
0.986
0.978
0.988
0.963
0.975
0.990
0.959
0.944
0.815
0.740
0.762
0.931
0.763
0.862
0.829
0.791
0.847
0.965
0.946
0.791
0.988
0.985
0.972
0.928
0.971
0.995
0.995
0.990
0.993
0.996
0.967
0.977
0.993
0.997
1.001
0.990
0.999
0.997
0.997
0.995
1.004
0.997
1.003
0.940
0.926
0.998
0.979
0.978
0.995
0.990
0.985
0.978
0.964
0.971
1.001
0.997
0.997
0.999
0.997
0.996
0.940
0.825
0.941
0.960
0.863
0.931
0.866
0.942
0.920
0.919
0.974
0.996
0.991
1.005
1.002
0.997
1.000
0.995
0.995
0.867
0.804
0.787
0.847
0.742
0.865
0.739
0.630
0.660
0.956
0.863
0.794
0.794
0.894
0.923
0.970
0.904
0.880
0.838
0.897
0.987
1.001
0.967
0.874
0.927
0.859
0.869
0.663
0.674
0.995
0.970
0.778
0.883
0.825
0.728
0.879
0.817
0.660
0.810
0.821
0.688
0.964
0.784
0.774
0.860
0.925
0.864
0.762
0.688
0.479
0.532
0.815
0.876
0.902
0.826
0.896
0.803
0.852
0.751
0.652
0.607
0.491
0.812
0.814
0.752
0.983
0.709
0.691
0.743
0.718
0.606
0.751
0.802
0.901
0.813
0.949
0.971
0.954
0.936
0.851
0.960
0.991
0.952
0.855
0.826
0.783
0.948
0.948
0.865
0.696
0.751
0.838
0.869
0.829
0.808
0.780
0.934
0.815
0.793
0.720
0.789
0.828
0.943
0.885
0.897
0.863
0.979
0.957
0.888
0.918
0.864
0.840
0.926
0.933
0.905
0.862
0.767
0.772
0.957
0.967
0.940
0.882
0.981
0.973
0.939
0.928
0.925
0.962
0.952
0.939
0.980
0.956
0.937
0.983
0.986
0.989
0.983
0.981
0.990
0.892
0.809
0.897
0.942
0.916
0.914
0.886
0.898
0.915
0.964
0.990
0.965
0.939
0.970
0.958
0.977
0.991
0.958
0.907
0.959
0.990
0.928
0.948
0.983
0.959
0.979
0.972
0.986
0.938
0.974
0.954
0.941
0.979
0.980
0.968
0.932
0.967
0.959
0.918
0.893
0.938
0.907
0.915
0.913
0.926
0.971
0.970
0.982
0.967
0.953
0.860
0.834
0.865
0.799
0.860
0.839
0.860
0.824
0.883
0.888
0.850
0.890
0.965
0.982
0.960
0.961
0.967
0.979
0.972
0.982
0.954
0.885
0.809
0.911
0.916
0.912
0.909
0.893
0.960
0.947
0.938
0.910
0.949
0.968
0.973
0.976
0.922
0.823
0.790
0.813
0.800
0.870
0.840
0.971
0.914
0.888
0.868
0.863
0.932
0.896
0.871
0.836
0.902
0.952
0.960
0.921
0.946
0.939
0.898
0.870
0.872
0.917
0.895
0.940
0.953
0.978
0.970
0.967
0.931
0.905
0.955
0.970
0.917
0.936
0.914
0.948
0.978
0.974
0.949
0.962
0.969
0.986
0.995
0.984
0.893
0.965
0.981
0.978
0.983
0.971
0.943
0.934
0.919
0.909
0.911
0.973
0.964
0.977
0.974
0.953
0.977
0.948
0.965
0.983
0.960
0.979
0.986
0.985
0.977
0.940
0.969
0.975
0.964
0.956
0.908
0.830
0.888
0.814
0.704
0.683
0.698
0.966
0.855
0.986
0.993
0.995
0.956
0.968
0.994
0.997
0.997
0.996
0.986
0.997
0.995
0.961
0.972
0.965
0.970
0.889
0.987
0.988
0.950
0.997
0.974
0.961
0.970
0.977
0.926
0.886
0.865
0.865
0.713
0.986
0.997
0.997
0.990
0.908
0.865
0.993
0.994
1.004
0.945
0.995
1.011
0.986
0.888
0.992
0.996
0.992
0.895
0.907
0.737
0.968
0.783
0.708
0.989
0.927
0.850
0.945
0.995
0.966
0.908
0.848
0.840
0.697
0.664
0.613
0.841
0.910
0.808
0.763
0.952
0.728
0.719
0.717
0.883
0.989
0.918
0.850
0.805
0.758
0.716
0.639
0.835
0.921
0.962
0.838
0.813
0.685
0.874
0.932
0.987
0.797
0.932
0.779
0.869
0.883
0.949
0.913
0.774
0.955
0.822
0.945
0.915
0.942
0.766
0.948
0.853
0.796
0.865
0.600
0.629
0.865
0.931
0.830
0.788
0.675
0.901
0.737
0.919
0.918
0.961
0.926
0.938
0.948
0.881
0.717
0.918
0.964
0.801
0.821
0.942
0.950
0.943
0.868
0.939
0.890
0.972
0.973
0.955
0.950
0.887
0.988
0.897
0.957
0.984
0.922
0.916
0.889
0.814
0.813
0.858
0.927
0.972
0.919
0.903
0.931
0.757
0.875
0.929
0.913
0.901
0.879
0.877
0.928
0.924
0.836
0.941
0.910
0.875
0.932
0.887
0.900
0.908
0.946
0.965
0.943
0.958
0.971
0.979
0.994
0.990
0.987
0.986
0.945
0.921
0.908
0.869
0.799
0.923
0.960
0.950
0.944
0.949
0.944
0.949
0.966
0.953
0.952
0.963
0.960
0.907
0.943
0.942
0.956
0.931
0.889
0.899
0.873
0.895
0.889
0.920
0.924
0.849
0.865
0.804
0.929
0.895
0.914
0.895
0.948
0.948
0.822
0.948
0.858
0.898
0.911
0.915
0.922
0.929
0.921
0.948
0.968
0.966
0.953
0.954
0.983
0.966
0.984
0.943
0.892
0.926
0.945
0.918
0.912
0.943
0.906
0.924
0.962
0.972
0.970
0.951
0.962
0.979
0.950
0.974
0.977
0.983
0.988
0.984
0.984
0.981
0.974
0.980
0.938
0.941
0.944
0.893
0.813
0.865
0.925
0.803
0.903
0.970
0.983
0.958
0.954
0.951
0.919
0.960
0.961
0.909
0.949
0.982
0.982
0.977
0.961
0.989
0.981
0.955
0.919
0.955
0.931
0.914
0.896
0.927
0.937
0.922
0.909
0.905
0.927
0.930
0.973
0.971
0.974
0.977
0.978
0.964
0.981
0.988
0.966
0.980
0.954
0.915
0.957
0.974
0.992
0.995
0.987
0.997
0.993
0.983
0.970
0.968
0.957
0.945
0.932
0.957
0.926
0.960
0.974
0.934
0.942
0.971
0.983
0.951
0.948
0.978
0.971
0.968
0.975
0.919
0.931
0.940
0.940
0.948
0.923
0.938
0.924
0.928
0.951
0.958
0.966
0.982
0.980
0.986
0.985
0.969
0.973
0.974
0.956
0.970
0.979
0.977
0.985
0.991
0.992
0.994
0.970
0.932
0.954
0.901
0.944
0.969
0.982
0.979
0.860
0.920
0.869
0.909
0.940
0.880
0.957
0.950
0.919
0.834
0.883
0.864
0.989
0.995
0.969
0.998
0.869
0.988
0.943
0.970
0.929
0.975
0.983
0.994
0.824
0.896
0.954
0.968
0.989
0.986
0.988
0.991
0.930
0.990
0.949
0.945
0.965
0.833
0.865
0.697
0.602
0.674
0.861
0.923
0.979
0.977
0.825
0.761
0.827
0.693
0.565
0.663
0.695
0.782
0.881
0.824
0.906
0.679
0.608
0.830
0.951
0.905
0.903
0.872
0.927
0.886
0.837
0.788
0.929
0.894
0.904
0.852
0.927
0.885
0.994
0.996
0.944
0.884
0.826
0.902
0.985
0.963
0.927
0.712
0.702
0.613
0.782
0.790
0.737
0.828
0.558
0.779
0.758
0.706
0.680
0.564
0.771
0.775
0.787
0.787
0.696
0.981
0.941
0.774
0.789
0.814
0.733
0.755
0.689
0.798
0.970
0.860
0.776
0.693
0.925
0.797
0.750
0.848
0.926
0.948
0.791
0.756
0.772
0.811
0.804
0.829
0.854
0.775
0.806
0.805
0.907
0.894
0.799
0.953
0.986
0.991
0.960
0.972
0.900
0.902
0.801
0.729
0.803
0.914
0.860
0.825
0.793
0.837
0.849
0.920
0.894
0.771
0.813
0.644
0.887
0.838
0.698
0.742
0.729
0.717
0.523
0.687
0.785
0.872
0.897
0.767
0.821
0.838
0.741
0.914
0.986
0.866
0.937
0.787
0.934
0.951
0.971
0.929
0.917
0.921
0.944
0.934
0.923
0.921
0.954
0.926
0.922
0.955
0.981
0.973
0.950
0.957
0.971
0.988
0.972
0.975
0.992
0.983
0.915
0.957
0.971
0.897
0.984
0.965
0.976
0.940
0.869
0.819
0.846
0.955
0.911
0.945
0.975
0.967
0.931
0.911
0.908
0.962
0.960
0.848
0.844
0.945
0.891
0.877
0.931
0.854
0.919
0.969
0.960
0.941
0.946
0.947
0.932
0.919
0.956
0.987
0.972
0.977
0.939
0.948
0.900
0.916
0.875
0.858
0.880
0.899
0.890
0.905
0.961
0.956
0.932
0.909
0.866
0.913
0.882
0.905
0.947
0.954
0.958
0.960
0.976
0.985
0.933
0.966
0.966
0.925
0.963
0.962
0.978
0.904
0.917
0.964
0.974
0.948
0.973
0.961
0.949
0.950
0.971
0.974
0.973
0.971
0.958
0.969
0.959
0.975
0.966
0.979
0.949
0.972
0.971
0.978
0.973
0.938
0.965
0.945
0.956
0.952
0.965
0.933
0.930
0.961
0.927
0.955
0.905
0.951
0.927
0.912
0.955
0.910
0.953
0.931
0.950
0.941
0.932
0.981
0.986
0.957
0.945
0.951
0.926
0.940
0.955
0.969
0.964
0.912
0.940
0.919
0.940
0.982
0.990
0.972
0.992
0.989
0.996
0.994
0.986
0.969
0.980
0.989
0.987
0.969
0.905
0.871
0.974
0.956
0.963
0.948
0.992
0.996
0.967
0.963
0.962
0.987
0.989
0.981
0.967
0.994
0.875
0.860
0.740
0.514
0.887
0.973
0.954
0.979
0.975
0.995
0.997
0.994
0.986
0.988
0.985
0.986
0.971
0.953
0.973
0.989
0.991
0.996
1.001
0.985
0.962
0.940
0.984
0.973
0.997
0.994
0.987
0.992
0.995
0.997
0.995
0.997
0.997
0.997
0.996
0.990
0.995
0.994
0.996
0.993
0.996
0.992
0.975
0.994
0.965
0.976
0.959
0.827
0.849
0.989
0.990
0.991
0.995
0.979
0.797
0.996
0.988
0.972
0.867
0.946
0.958
0.897
0.961
0.860
0.723
0.759
0.757
0.655
0.672
0.835
0.865
0.892
0.920
0.912
0.904
0.752
0.781
0.679
0.843
0.624
0.937
0.826
0.746
0.740
0.802
0.896
0.808
0.992
0.763
0.736
0.744
0.676
0.632
0.751
0.692
0.827
0.899
0.895
0.997
1.004
0.937
0.964
0.964
0.853
0.844
0.828
0.788
0.891
0.874
0.870
0.830
0.775
0.823
0.900
0.819
0.734
0.929
0.945
0.956
0.966
0.986
0.977
0.965
0.972
0.951
0.981
0.980
0.965
0.940
0.829
0.825
0.777
0.832
0.963
0.855
0.970
0.964
0.951
0.961
0.941
0.961
0.977
0.959
0.978
0.974
0.966
0.936
0.972
0.905
0.788
0.870
0.843
0.921
0.902
0.881
0.858
0.873
0.802
0.792
0.799
0.652
0.551
0.711
0.857
0.851
0.744
0.665
0.933
0.964
0.943
0.955
0.963
0.906
0.777
0.805
0.872
0.882
0.966
0.936
0.958
0.964
0.861
0.939
0.924
0.912
0.915
0.894
0.875
0.952
0.908
0.930
0.976
0.981
0.990
0.984
0.944
0.941
0.904
0.901
0.857
0.922
0.825
0.864
0.950
0.945
0.938
0.970
0.978
0.982
0.957
0.935
0.928
0.920
0.926
0.920
0.933
0.908
0.949
0.942
0.912
0.911
0.936
0.952
0.917
0.943
0.952
0.982
0.984
0.981
0.969
0.950
0.984
0.974
0.976
0.955
0.974
0.970
0.932
0.897
0.916
0.934
0.972
0.976
0.958
0.972
0.847
0.853
0.964
0.976
0.974
0.958
0.970
0.981
0.972
0.981
0.961
0.917
0.893
0.819
0.830
0.862
0.895
0.925
0.945
0.971
0.980
0.979
0.976
0.985
0.964
0.952
0.948
0.853
0.860
0.924
0.948
0.928
0.887
0.852
0.867
0.850
0.894
0.891
0.938
0.917
0.914
0.929
0.927
0.943
0.953
0.947
0.950
0.941
0.941
0.896
0.872
0.873
0.920
0.958
0.962
0.947
0.897
0.956
0.917
0.919
0.904
0.877
0.959
0.950
0.957
0.966
0.959
0.904
0.900
0.919
0.955
0.961
0.981
0.992
0.991
0.992
0.991
0.989
0.979
0.989
0.966
0.975
0.980
0.985
0.931
0.929
0.917
0.938
0.967
0.970
0.964
0.966
0.986
0.986
0.940
0.954
0.950
0.952
0.955
0.981
0.973
0.981
0.979
0.942
0.898
0.984
0.987
0.965
0.913
0.763
0.958
0.996
0.906
0.963
0.773
0.775
0.918
0.987
0.995
0.978
0.944
0.861
0.993
0.995
0.997
0.991
0.997
0.984
0.993
0.993
0.977
0.978
0.942
0.995
0.734
0.779
0.770
0.988
0.915
0.905
0.920
0.751
0.992
0.733
0.984
0.849
0.628
0.931
0.994
0.995
0.715
0.676
0.994
0.996
0.761
0.712
0.654
0.706
0.739
0.962
0.885
0.987
0.680
0.594
0.888
0.681
0.676
0.906
0.762
0.907
0.976
0.955
0.928
0.932
0.944
0.826
0.810
0.953
0.785
0.897
0.928
0.782
0.717
0.861
0.906
0.878
0.879
0.762
0.929
0.889
0.994
0.837
0.780
0.880
0.819
0.991
0.691
0.698
0.632
0.738
0.673
0.573
0.753
0.707
0.746
0.641
0.895
0.779
0.780
0.745
0.731
0.798
0.909
0.853
0.731
0.811
0.867
0.833
0.710
0.879
0.959
0.952
0.904
0.826
0.805
0.839
0.768
0.979
0.838
0.869
0.820
0.810
0.854
0.990
0.885
0.869
0.883
0.954
0.858
0.887
0.963
0.883
0.929
0.917
0.842
0.950
0.761
0.945
0.902
0.797
0.980
0.754
0.764
0.855
0.949
0.993
1.003
0.995
0.991
0.895
0.923
0.909
0.987
0.968
0.976
0.828
0.991
0.821
0.945
0.976
0.672
0.820
0.972
0.975
0.964
0.979
0.993
0.993
0.976
0.978
0.995
0.963
0.863
0.990
0.996
0.903
0.936
0.963
0.967
0.965
0.992
0.974
0.994
0.920
0.885
0.853
0.989
0.912
0.978
0.978
0.962
0.966
0.970
0.896
0.971
0.856
0.980
0.945
0.977
0.913
0.933
0.981
0.931
0.916
0.934
0.970
0.983
0.992
0.986
0.984
0.966
0.973
0.911
0.924
0.930
0.940
0.954
0.971
0.956
0.956
0.948
0.948
0.956
0.960
0.934
0.950
0.941
0.934
0.936
0.921
0.956
0.990
0.989
0.985
0.972
0.988
0.953
0.954
0.966
0.988
0.981
0.992
0.986
0.988
0.992
0.991
0.957
0.829
0.873
0.878
0.848
0.864
0.928
0.951
0.943
0.984
0.973
0.938
0.959
0.971
0.959
0.959
0.957
0.944
0.775
0.832
0.875
0.849
0.853
0.911
0.929
0.967
0.983
0.989
0.971
0.963
0.965
0.996
0.973
0.938
0.968
0.941
0.819
0.924
0.738
0.854
0.901
0.944
0.958
0.932
0.876
0.884
0.896
0.908
0.954
0.973
0.958
0.957
0.971
0.925
0.918
0.938
0.939
0.968
0.952
0.971
0.951
0.962
0.988
0.980
0.875
0.697
0.893
0.918
0.972
0.960
0.943
0.987
0.990
0.950
0.909
0.898
0.944
0.981
0.965
0.985
0.985
0.988
0.986
0.987
0.959
0.976
0.965
0.975
0.970
0.955
0.924
0.990
0.973
0.980
0.966
0.974
0.988
0.996
0.992
0.985
0.978
0.977
0.982
0.941
0.920
0.947
0.967
0.981
0.956
0.940
0.937
0.976
0.964
0.936
0.915
0.989
0.974
0.953
0.949
0.958
0.976
0.971
0.948
0.992
0.976
0.987
0.995
0.997
1.000
0.960
0.993
0.949
0.988
0.979
0.979
0.929
0.987
0.984
0.978
0.875
0.768
0.769
0.638
0.825
0.921
0.849
0.718
0.935
0.945
0.947
0.968
0.981
0.734
0.953
0.984
0.738
0.694
0.983
0.995
0.964
0.882
0.912
0.982
0.863
0.837
0.949
0.944
0.863
0.841
0.876
0.893
0.945
0.799
0.938
0.935
0.988
0.949
0.864
0.818
0.948
0.815
0.836
0.777
0.929
0.971
0.883
0.719
0.793
0.877
0.853
0.783
0.839
0.964
0.975
0.950
0.960
0.891
0.913
0.982
0.943
0.766
0.798
0.898
0.710
0.811
0.916
0.915
0.889
0.748
0.758
0.743
0.880
0.831
0.943
0.763
0.852
0.890
0.725
0.821
0.924
0.890
0.771
0.846
0.849
0.911
0.859
0.797
0.751
0.683
0.745
0.678
0.658
0.767
0.823
0.843
0.978
0.857
0.823
0.825
0.834
0.792
0.853
0.902
0.863
0.917
0.811
0.884
0.927
0.852
0.830
0.638
0.687
0.755
0.915
0.859
0.889
0.939
0.800
0.656
0.763
0.716
0.766
0.940
0.960
0.881
0.713
0.768
0.801
0.715
0.861
0.807
0.807
0.797
0.758
0.733
0.712
0.685
0.733
0.707
0.656
0.798
0.788
0.895
0.608
0.540
0.677
0.863
0.803
0.729
0.780
0.613
0.866
0.850
0.860
0.820
0.933
0.886
0.904
0.880
0.866
0.946
0.896
0.886
0.920
0.930
0.961
0.938
0.687
0.732
0.788
0.941
0.950
0.922
0.901
0.920
0.926
0.943
0.906
0.941
0.968
0.899
0.887
0.978
0.964
0.964
0.910
0.976
0.971
0.935
0.949
0.957
0.976
0.953
0.956
0.973
0.983
0.979
0.975
0.985
0.984
0.989
0.990
0.977
0.953
0.942
0.906
0.904
0.943
0.968
0.986
0.969
0.990
0.979
0.974
0.960
0.938
0.928
0.958
0.987
0.989
0.992
0.979
0.977
0.947
0.976
0.977
0.985
0.955
0.961
0.895
0.940
0.971
0.984
0.986
0.969
0.959
0.953
0.963
0.976
0.980
0.948
0.848
0.882
0.925
0.966
0.982
0.991
0.987
0.960
0.906
0.966
0.955
0.951
0.934
0.926
0.955
0.964
0.928
0.912
0.884
0.897
0.903
0.898
0.931
0.915
0.915
0.874
0.874
0.833
0.935
0.940
0.916
0.863
0.872
0.915
0.963
0.990
0.949
0.850
0.972
0.950
0.921
0.953
0.926
0.961
0.977
0.988
0.982
0.960
0.966
0.952
0.935
0.950
0.957
0.977
0.943
0.929
0.981
0.944
0.939
0.925
0.900
0.943
0.961
0.963
0.979
0.981
0.991
0.992
0.982
0.977
0.959
0.936
0.927
0.941
0.909
0.927
0.940
0.964
0.950
0.976
0.776
0.963
0.978
0.986
0.957
0.972
0.960
0.942
0.926
0.884
0.927
0.945
0.857
0.864
0.962
0.883
0.948
0.968
0.967
0.949
0.968
0.949
0.834
0.996
0.917
0.764
0.987
0.957
0.968
0.937
0.927
0.878
0.873
0.863
0.994
0.845
0.978
0.834
0.770
0.966
0.967
0.991
0.989
0.952
0.935
0.996
0.905
0.847
0.987
0.987
0.786
0.939
0.862
0.985
0.989
0.953
0.781
0.805
0.770
0.812
0.936
0.970
0.967
0.992
0.993
0.945
0.807
0.654
0.758
0.898
0.643
0.829
0.952
0.984
0.922
0.793
0.904
0.855
0.768
0.714
0.992
0.721
0.591
0.657
0.802
0.719
0.794
0.889
0.805
0.920
0.993
0.773
0.834
0.854
0.986
0.760
0.732
0.827
0.877
0.902
0.744
0.723
0.690
0.717
0.750
0.877
0.704
0.820
0.691
0.885
0.736
0.723
0.584
0.716
0.673
0.836
0.938
0.828
0.833
0.803
0.728
0.762
0.890
0.848
0.636
0.795
0.671
0.908
0.687
0.699
0.633
0.570
0.650
0.731
0.758
0.814
0.811
0.866
0.718
0.802
0.971
0.835
0.834
0.809
0.782
0.748
0.921
0.836
0.846
0.826
0.822
0.841
0.992
0.841
0.745
0.745
0.884
0.858
0.957
0.780
0.818
0.957
0.781
0.751
0.839
0.952
0.938
0.984
0.840
0.891
0.844
0.941
0.847
0.989
0.955
0.981
0.978
0.761
0.837
0.842
0.878
0.971
0.848
0.912
0.909
0.853
0.946
0.938
0.955
0.915
0.980
0.960
0.819
0.793
0.829
0.800
0.888
0.915
0.838
0.853
0.848
0.978
0.987
0.959
0.939
0.876
0.747
0.848
0.948
0.884
0.898
0.902
0.901
0.803
0.821
0.958
0.934
0.967
0.979
0.941
0.902
0.969
0.924
0.967
0.977
0.950
0.927
0.948
0.894
0.894
0.900
0.921
0.921
0.898
0.910
0.887
0.784
0.950
0.987
0.988
0.970
0.956
0.963
0.949
0.961
0.940
0.956
0.970
0.948
0.923
0.918
0.920
0.907
0.864
0.953
0.960
0.975
0.982
0.968
0.947
0.932
0.889
0.919
0.936
0.960
0.946
0.931
0.916
0.921
0.934
0.942
0.964
0.959
0.964
0.960
0.953
0.958
0.961
0.937
0.968
0.888
0.872
0.932
0.966
0.956
0.947
0.982
0.951
0.950
0.937
0.939
0.955
0.947
0.963
0.911
0.882
0.857
0.903
0.940
0.941
0.938
0.983
0.944
0.964
0.930
0.855
0.860
0.858
0.968
0.975
0.977
0.967
0.953
0.949
0.883
0.943
0.909
0.877
0.841
0.873
0.922
0.913
0.929
0.925
0.954
0.982
0.990
0.979
0.961
0.929
0.945
0.921
0.968
0.969
0.956
0.979
0.987
0.988
0.978
0.950
0.924
0.942
0.893
0.980
0.987
0.988
0.976
0.955
0.966
0.996
0.993
0.959
0.906
0.944
0.973
0.973
0.969
0.978
0.991
0.980
0.988
0.981
0.977
0.993
0.989
0.924
0.984
0.994
0.990
0.976
0.994
0.985
0.990
0.935
0.991
0.974
0.991
0.965
0.952
0.854
0.984
0.996
0.966
0.953
0.918
0.947
0.970
0.968
0.994
0.993
0.946
0.995
0.994
0.841
0.898
0.995
0.949
0.983
0.946
0.882
0.970
0.968
0.841
0.992
0.973
0.995
0.973
0.927
0.793
0.976
0.927
0.893
0.970
0.788
0.955
0.840
0.983
0.996
0.944
0.988
0.907
0.904
0.903
0.993
0.833
0.761
0.891
0.783
0.948
0.755
0.861
0.742
0.989
0.834
0.885
0.739
0.996
0.996
0.874
0.939
0.806
0.985
0.984
0.955
0.886
0.810
0.774
0.957
0.963
0.732
0.989
0.982
0.863
0.845
0.915
0.850
0.924
0.958
0.936
0.836
0.698
0.627
0.716
0.779
0.926
0.905
0.952
0.873
0.896
0.823
0.775
0.770
0.899
0.790
0.793
0.842
0.902
0.888
0.964
0.971
0.854
0.712
0.738
0.882
0.921
0.948
0.865
0.993
0.876
0.751
0.737
0.698
0.891
0.884
0.875
0.785
0.672
0.846
0.836
0.897
0.849
0.750
0.916
0.938
0.864
0.907
0.891
0.971
0.820
0.864
0.787
0.897
0.687
0.861
0.946
0.846
0.904
0.842
0.802
0.813
0.780
0.696
0.845
0.761
0.827
0.876
0.957
0.802
0.782
0.832
0.767
0.829
0.735
0.541
0.801
0.962
0.851
0.811
0.903
0.808
0.763
0.816
0.871
0.861
0.845
0.828
0.926
0.815
0.871
0.815
0.867
0.987
0.848
0.990
0.938
0.963
0.968
0.894
0.997
0.958
0.909
0.986
0.795
0.833
0.933
0.746
0.868
0.776
0.884
0.979
0.980
0.948
0.982
0.919
0.932
0.789
0.702
0.804
0.870
0.892
0.876
0.932
0.989
0.978
0.971
0.973
0.964
0.962
0.978
0.934
0.950
0.955
0.931
0.950
0.948
0.943
0.961
0.935
0.942
0.893
0.904
0.933
0.957
0.976
0.957
0.932
0.914
0.871
0.875
0.833
0.813
0.978
0.946
0.891
0.957
0.834
0.867
0.928
0.928
0.979
0.954
0.973
0.935
0.951
0.948
0.935
0.854
0.968
0.947
0.921
0.911
0.816
0.857
0.963
0.902
0.965
0.855
0.898
0.952
0.886
0.892
0.963
0.930
0.844
0.955
0.953
0.910
0.942
0.954
0.952
0.960
0.883
0.801
0.941
0.918
0.958
0.920
0.962
0.975
0.943
0.930
0.942
0.959
0.953
0.910
0.765
0.806
0.871
0.905
0.937
0.977
0.977
0.911
0.965
0.984
0.962
0.984
0.958
0.963
0.976
0.975
0.910
0.951
0.960
0.968
0.976
0.963
0.954
0.935
0.959
0.957
0.966
0.944
0.902
0.892
0.956
0.987
0.893
0.963
0.980
0.974
0.980
0.960
0.964
0.972
0.941
0.959
0.957
0.976
0.994
0.994
0.986
0.995
0.990
0.939
0.972
0.968
0.975
0.982
0.986
0.961
0.912
0.994
0.980
0.991
1.003
0.990
0.960
0.932
0.975
0.956
0.958
0.987
0.946
0.988
0.951
0.976
0.969
0.899
0.968
0.990
0.992
0.969
0.943
0.964
0.987
0.996
0.948
0.950
0.988
0.996
0.996
0.991
0.995
0.900
0.965
0.928
0.984
0.992
0.989
0.910
0.880
0.945
0.968
0.911
0.997
0.953
0.918
0.822
0.864
0.813
0.808
0.839
0.937
0.913
0.932
0.966
0.964
0.946
0.963
0.838
0.862
0.858
0.811
0.743
0.876
0.971
0.965
0.832
0.964
0.897
0.858
0.934
0.726
0.929
0.888
0.856
0.851
0.948
0.995
0.969
0.743
0.984
0.838
0.859
0.707
0.833
0.976
0.905
0.723
0.838
0.708
0.684
0.796
0.634
0.943
0.890
0.899
0.758
0.633
0.767
0.794
0.717
0.896
0.784
0.708
0.775
0.825
0.766
0.890
0.948
0.819
0.874
0.924
0.918
0.810
0.925
0.837
0.846
0.778
0.724
0.873
0.904
0.868
0.856
0.904
0.905
0.876
0.943
0.771
0.945
0.795
0.816
0.719
0.661
0.742
0.931
0.971
0.925
0.937
0.884
0.798
0.828
0.742
0.667
0.896
0.817
0.737
0.710
0.823
0.771
0.756
0.595
0.503
0.492
0.728
0.694
0.613
0.623
0.609
0.824
0.863
0.854
0.877
0.954
0.881
0.947
0.773
0.851
0.909
0.723
0.933
0.828
0.725
0.779
0.865
0.722
0.898
0.859
0.765
0.942
0.905
0.862
0.825
0.905
0.954
0.920
0.875
0.955
0.841
0.944
0.896
0.904
0.911
0.921
0.947
0.944
0.975
0.914
0.896
0.979
0.969
0.957
0.954
0.974
0.986
0.974
0.928
0.939
0.840
0.888
0.928
0.952
0.935
0.974
0.960
0.933
0.924
0.931
0.953
0.893
0.963
0.928
0.905
0.923
0.946
0.880
0.971
0.950
0.970
0.875
0.981
0.970
0.952
0.967
0.966
0.952
0.968
0.994
0.993
0.987
0.987
0.995
0.969
0.967
0.950
0.969
0.956
0.981
0.991
0.980
0.964
0.920
0.953
0.933
0.929
0.952
0.974
0.994
0.987
0.969
0.972
0.983
0.997
0.990
0.925
0.893
0.910
0.969
0.935
0.966
0.777
0.913
0.861
0.961
0.969
0.940
0.786
0.872
0.912
0.978
0.932
0.930
0.993
0.958
0.922
0.907
0.871
0.970
0.950
0.973
0.960
0.953
0.995
0.980
0.948
0.974
0.984
0.983
0.889
0.799
0.863
0.894
0.928
0.967
0.951
0.953
0.955
0.971
0.980
0.982
0.987
0.984
0.936
0.898
0.932
0.953
0.936
0.924
0.905
0.966
0.986
0.977
0.978
0.987
0.984
0.983
0.981
0.926
0.877
0.948
0.960
0.901
0.939
0.967
0.980
0.962
0.968
0.878
0.972
0.973
0.944
0.920
0.901
0.894
0.834
0.836
0.935
0.986
0.991
0.985
0.945
0.974
0.991
0.982
0.954
0.984
0.995
0.972
0.970
0.964
0.987
0.989
0.990
0.982
0.993
0.990
0.990
0.994
0.960
0.987
0.926
0.961
0.947
0.988
0.963
0.972
0.954
0.974
0.861
0.912
0.931
0.959
0.975
0.969
0.980
0.974
0.989
0.996
0.978
0.942
0.965
0.981
0.975
0.949
0.974
0.966
0.974
0.933
0.858
0.875
0.982
0.977
0.907
0.944
0.924
0.994
0.927
0.980
0.931
0.879
0.888
0.984
0.986
0.973
0.996
0.996
0.829
0.987
0.967
0.996
0.996
0.892
0.925
0.947
0.801
0.993
0.975
0.911
0.953
0.974
0.998
0.817
0.978
0.744
0.914
0.749
0.967
0.864
0.847
0.941
0.925
0.988
0.996
0.807
0.970
0.984
0.986
0.929
0.722
0.939
0.992
0.797
0.994
0.853
0.964
0.962
0.792
0.889
0.703
0.745
0.711
0.807
0.729
0.762
0.947
0.872
0.998
0.970
0.817
0.782
0.761
0.818
0.716
0.731
0.845
0.936
0.954
0.930
0.801
0.965
0.989
0.862
1.002
0.952
0.932
0.888
0.975
0.964
0.906
0.917
0.887
0.795
0.828
0.727
0.783
0.826
0.769
0.663
0.766
0.726
0.822
0.942
0.883
0.827
0.816
0.890
0.947
0.970
0.888
0.712
0.628
0.644
0.561
0.672
0.825
0.725
0.862
0.926
0.864
0.800
0.777
0.810
0.723
0.693
0.690
0.784
0.709
0.917
0.967
0.952
0.926
0.699
0.963
0.966
0.896
0.885
0.835
0.795
0.778
0.825
0.769
0.697
0.942
0.945
0.910
0.890
0.825
0.876
0.818
0.990
0.992
0.997
0.985
0.981
0.959
0.830
0.927
0.992
0.994
0.874
0.836
0.735
0.960
0.943
0.796
0.870
0.842
0.804
0.823
0.821
0.631
0.719
0.672
0.728
0.914
0.854
0.751
0.917
0.901
0.937
0.854
0.885
0.949
0.858
0.855
0.853
0.826
0.877
0.715
0.618
0.924
0.827
0.808
0.852
0.864
0.903
0.882
0.811
0.912
0.839
0.836
0.990
0.965
0.916
0.652
0.521
0.743
0.705
0.925
0.961
0.872
0.832
0.930
0.945
0.974
0.987
0.982
0.936
0.966
0.989
0.996
0.996
0.994
0.973
0.979
0.977
0.975
0.935
0.901
0.846
0.960
0.970
0.903
0.855
0.899
0.884
0.910
0.906
0.913
0.912
0.889
0.935
0.903
0.838
0.946
0.949
0.896
0.960
0.979
0.921
0.897
0.859
0.877
0.829
0.861
0.777
0.818
0.918
0.862
0.883
0.871
0.889
0.902
0.915
0.844
0.873
0.948
0.925
0.884
0.934
0.962
0.981
0.968
0.972
0.979
0.955
0.967
0.981
0.993
0.903
0.931
0.953
0.972
0.921
0.895
0.954
0.953
0.984
0.972
0.967
0.987
0.969
0.962
0.965
0.978
0.956
0.978
0.976
0.958
0.943
0.955
0.957
0.960
0.938
0.965
0.941
0.970
0.978
0.990
0.971
0.958
0.992
0.980
0.936
0.962
0.983
0.990
0.989
0.992
0.975
0.967
0.959
0.956
0.913
0.901
0.959
0.987
0.972
0.986
0.997
0.995
0.980
0.967
0.957
0.953
0.980
1.001
0.939
0.953
0.956
0.966
0.945
0.870
0.935
0.905
0.975
0.919
0.929
0.979
0.975
0.971
0.975
0.992
0.967
0.970
0.970
0.983
0.967
0.937
0.976
0.984
0.984
0.946
0.946
0.997
0.986
0.968
0.977
0.960
0.965
0.867
0.983
0.944
0.960
0.949
0.897
0.736
0.971
0.988
0.844
0.771
0.907
0.851
0.991
0.951
0.881
0.916
0.792
0.860
0.938
0.902
0.764
0.852
0.878
0.893
0.915
0.949
0.940
0.946
0.812
0.734
0.799
0.758
0.643
0.631
0.700
0.881
0.708
0.929
0.929
0.950
0.878
0.747
0.819
0.718
0.586
0.696
0.696
0.638
0.704
0.728
0.803
0.893
0.698
0.825
0.892
0.942
0.780
0.792
0.979
0.729
0.861
0.816
0.841
0.872
0.773
0.781
0.902
0.794
0.789
0.702
0.785
0.962
0.924
0.949
0.968
0.902
0.824
0.875
0.860
0.729
0.590
0.705
0.665
0.582
0.669
0.814
0.827
0.793
0.711
0.883
0.908
0.869
0.889
0.790
0.772
0.944
0.906
0.982
0.958
0.844
0.914
0.837
0.972
0.958
0.956
0.824
0.793
0.803
0.840
0.910
0.717
0.825
0.960
0.815
0.902
0.917
0.865
0.882
0.881
0.869
0.892
0.791
0.839
0.963
0.861
0.860
0.848
0.878
0.861
0.937
0.781
0.857
0.921
0.899
0.749
0.764
0.733
0.963
0.783
0.687
0.656
0.870
0.814
0.885
0.911
0.948
0.982
0.983
0.968
0.992
0.981
0.978
0.944
0.772
0.820
0.806
0.895
0.912
0.889
0.921
0.759
0.833
0.872
0.923
0.981
0.919
0.915
0.832
0.931
0.956
0.871
0.857
0.767
0.941
0.935
0.960
0.927
0.984
0.969
0.931
0.857
0.597
0.787
0.970
0.993
0.991
0.974
0.937
0.971
0.950
0.952
0.952
0.962
0.966
0.972
0.926
0.992
0.981
0.948
0.926
0.975
0.985
0.968
0.939
0.994
0.984
0.896
0.948
0.948
0.970
0.964
0.971
0.977
0.973
0.961
0.946
0.958
0.980
0.982
0.987
0.982
0.988
0.959
0.916
0.925
0.970
0.965
0.947
0.966
0.955
0.977
0.975
0.908
0.858
0.975
0.969
0.973
0.972
0.990
0.971
0.982
0.977
0.966
0.981
0.986
0.966
0.966
0.891
0.940
0.937
0.929
0.898
0.884
0.915
0.895
0.892
0.880
0.877
0.971
0.948
0.957
0.923
0.955
0.928
0.951
0.975
0.967
0.956
0.974
0.954
0.948
0.979
0.969
0.900
0.912
0.912
0.853
0.893
0.940
0.958
0.928
0.932
0.902
0.969
0.933
0.915
0.890
0.851
0.889
0.919
0.897
0.945
0.878
0.887
0.914
0.925
0.939
0.979
0.962
0.923
0.910
0.926
0.945
0.932
0.990
0.986
0.976
0.960
0.952
0.956
0.983
0.951
0.916
0.945
0.933
0.891
0.954
0.942
0.928
0.937
0.895
0.959
0.922
0.955
0.968
0.991
0.980
0.935
0.912
0.992
0.995
0.911
0.973
0.996
0.986
0.970
0.973
0.951
0.927
0.982
0.965
0.886
0.857
0.944
0.900
0.939
0.986
0.977
0.994
0.941
0.815
0.837
0.971
0.956
0.848
0.874
0.897
0.852
0.931
0.916
0.992
0.951
0.967
0.928
0.898
0.869
0.917
0.761
0.901
0.707
0.764
0.794
0.739
0.863
0.929
0.921
0.960
0.942
0.939
0.799
0.898
0.948
0.842
0.823
0.983
0.933
0.896
0.870
0.781
0.746
0.911
0.987
0.880
0.956
0.873
0.908
0.751
0.743
0.780
0.849
0.928
0.888
0.919
0.756
0.856
0.736
0.795
0.788
0.714
0.750
0.766
0.765
0.795
0.815
0.788
0.681
0.603
0.554
0.644
0.652
0.784
0.746
0.761
0.834
0.700
0.637
0.817
0.751
0.914
0.880
0.792
0.715
0.683
0.708
0.661
0.669
0.655
0.647
0.637
0.582
0.662
0.804
0.858
0.736
0.639
0.605
0.720
0.746
0.691
0.866
0.720
0.716
0.734
0.963
0.735
0.680
0.723
0.780
0.715
0.695
0.694
0.654
0.672
0.595
0.585
0.605
0.663
0.561
0.580
0.490
0.637
0.710
0.762
0.814
0.766
0.737
0.725
0.791
0.783
0.657
0.570
0.680
0.656
0.618
0.734
0.871
0.900
0.957
0.802
0.875
0.669
0.650
0.658
0.808
0.834
0.939
0.924
0.903
0.890
0.942
0.976
0.794
0.686
0.635
0.637
0.603
0.538
0.448
0.598
0.622
0.922
0.928
0.720
0.758
0.763
0.779
0.941
0.805
0.899
0.790
0.905
0.819
0.965
0.840
0.966
0.954
0.995
0.996
0.961
0.970
0.975
0.917
0.892
0.925
0.848
0.741
0.853
0.947
0.946
0.959
0.957
0.917
0.748
0.810
0.939
0.978
0.987
0.960
0.983
0.975
0.941
0.919
0.946
0.892
0.829
0.941
0.955
0.969
0.944
0.981
0.934
0.974
0.947
0.945
0.968
0.959
0.943
0.975
0.884
0.867
0.981
0.967
0.968
0.982
0.991
0.952
0.972
0.960
0.964
0.965
0.980
0.966
0.846
0.880
0.848
0.898
0.743
0.692
0.855
0.956
0.934
0.881
0.930
0.896
0.932
0.957
0.948
0.954
0.959
0.962
0.916
0.841
0.749
0.824
0.861
0.920
0.963
0.975
0.988
0.976
0.971
0.960
0.882
0.905
0.954
0.970
0.976
0.958
0.969
0.967
0.975
0.982
0.979
0.956
0.948
0.929
0.941
0.951
0.942
0.971
0.945
0.907
0.848
0.898
0.942
0.903
0.950
0.912
0.882
0.897
0.944
0.957
0.950
0.949
0.914
0.944
0.949
0.960
0.943
0.940
0.929
0.966
0.964
0.978
0.954
0.939
0.945
0.851
0.907
0.912
0.938
0.981
0.993
0.964
0.909
0.922
0.931
0.929
0.881
0.911
0.907
0.919
0.946
0.917
0.927
0.980
0.977
0.960
0.926
0.901
0.967
0.975
0.988
0.987
0.956
0.927
0.870
0.867
0.963
0.993
0.935
0.978
0.980
0.975
0.974
0.959
0.936
0.954
0.915
0.959
0.933
0.977
0.982
0.982
0.989
0.888
0.878
0.855
0.826
0.957
0.939
0.932
0.932
0.954
0.957
0.986
0.981
0.993
0.948
0.956
0.979
0.934
0.967
0.961
0.995
0.954
0.955
0.995
0.997
0.997
0.953
0.873
0.864
0.989
0.978
0.927
0.964
0.918
0.843
0.944
0.906
0.789
0.987
0.986
0.876
0.987
0.982
0.760
0.674
0.957
0.940
0.911
0.977
0.863
0.668
0.882
0.753
0.871
0.913
0.932
0.686
0.968
0.917
0.888
0.935
0.904
0.853
0.847
0.696
0.707
0.711
0.868
0.793
0.851
0.911
0.775
0.716
0.891
0.673
0.618
0.903
0.966
0.797
0.897
0.860
0.851
0.753
0.656
0.571
0.821
0.658
0.630
0.908
0.883
0.772
0.798
0.754
0.893
0.762
0.702
0.956
0.852
0.785
0.799
0.816
0.742
0.849
0.815
0.816
0.746
0.867
0.832
0.839
0.716
0.697
0.947
0.835
0.707
0.846
0.685
0.603
0.611
0.706
0.716
0.630
0.622
0.705
0.852
0.763
0.866
0.710
0.638
0.822
0.910
0.830
0.782
0.779
0.800
0.690
0.785
0.720
0.725
0.933
0.911
0.734
0.591
0.837
0.927
0.924
0.772
0.726
0.873
0.863
0.929
0.884
0.737
0.732
0.813
0.717
0.741
0.736
0.679
0.704
0.697
0.845
0.962
0.887
0.837
0.961
0.954
0.794
0.759
0.710
0.831
0.757
0.660
0.813
0.917
0.932
0.911
0.837
0.807
0.745
0.790
0.781
0.756
0.814
0.779
0.759
0.795
0.860
0.862
0.866
0.923
0.963
0.899
0.804
0.755
0.855
0.940
0.775
0.724
0.886
0.888
0.955
0.934
0.859
0.716
0.792
0.823
0.846
0.912
0.935
0.866
0.963
0.914
0.853
0.715
0.676
0.872
0.895
0.905
0.906
0.869
0.914
0.864
0.908
0.947
0.906
0.836
0.837
0.933
0.881
0.879
0.906
0.897
0.974
0.984
0.938
0.760
0.893
0.961
0.858
0.942
0.949
0.933
0.960
0.955
0.950
0.962
0.867
0.855
0.918
0.695
0.617
0.753
0.692
0.832
0.826
0.890
0.947
0.923
0.909
0.918
0.884
0.842
0.866
0.964
0.964
0.971
0.982
0.973
0.970
0.959
0.916
0.930
0.973
0.970
0.955
0.939
0.947
0.975
0.937
0.871
0.979
0.915
0.937
0.930
0.966
0.924
0.868
0.820
0.836
0.932
0.948
0.960
0.970
0.953
0.915
0.917
0.898
0.876
0.856
0.828
0.847
0.844
0.935
0.953
0.948
0.964
0.929
0.904
0.925
0.900
0.909
0.903
0.896
0.983
0.987
0.950
0.936
0.920
0.925
0.924
0.916
0.922
0.931
0.939
0.935
0.921
0.879
0.886
0.910
0.885
0.799
0.791
0.889
0.906
0.917
0.874
0.897
0.895
0.939
0.957
0.936
0.921
0.935
0.929
0.971
0.968
0.940
0.931
0.966
0.971
0.997
0.984
0.932
0.945
0.956
0.991
0.991
0.992
0.980
0.928
0.922
0.897
0.897
0.849
0.970
0.970
0.719
0.930
0.880
0.925
0.942
0.879
0.939
0.901
0.910
0.920
0.805
0.987
0.926
0.918
0.941
0.929
0.927
0.942
0.984
0.899
0.961
0.915
0.864
0.936
0.984
0.798
0.970
0.820
0.888
0.845
0.939
0.869
0.836
0.776
0.912
0.966
0.880
0.833
0.980
0.972
0.845
0.871
0.922
0.996
0.819
0.685
0.962
0.993
0.896
0.859
0.751
0.903
0.825
0.986
0.916
0.891
0.972
0.803
0.792
0.835
0.958
0.727
0.923
0.938
0.811
0.824
0.779
0.751
0.934
0.867
0.894
0.938
0.865
0.857
0.942
0.853
0.598
0.670
0.750
0.703
0.808
0.867
0.980
0.700
0.689
0.815
0.720
0.928
0.856
0.705
0.792
0.941
0.739
0.975
0.822
0.829
0.868
0.974
0.892
0.712
0.639
0.736
0.668
0.604
0.802
0.804
0.660
0.724
0.753
0.751
0.733
0.843
0.903
0.774
0.680
0.619
0.893
0.962
0.809
0.769
0.878
0.868
0.750
0.840
0.839
0.761
0.663
0.745
0.838
0.747
0.813
0.893
0.872
0.971
0.788
0.819
0.816
0.988
0.974
0.973
0.973
0.787
0.798
0.965
0.868
0.959
0.771
0.822
0.847
0.762
0.798
0.858
0.790
0.783
0.690
0.798
0.762
0.898
0.860
0.823
0.768
0.813
0.798
0.830
0.798
0.964
0.976
0.952
0.935
0.856
0.826
0.821
0.773
0.860
0.885
0.936
0.830
0.907
0.824
0.817
0.972
0.962
0.885
0.868
0.845
0.878
0.881
0.854
0.838
0.764
0.693
0.773
0.711
0.701
0.752
0.640
0.855
0.788
0.910
0.871
0.833
0.901
0.839
0.883
0.774
0.741
0.613
0.574
0.573
0.734
0.874
0.876
0.860
0.853
0.944
0.955
0.872
0.692
0.846
0.833
0.805
0.692
0.809
0.773
0.817
0.868
0.755
0.894
0.840
0.774
0.958
0.911
0.901
0.889
0.932
0.886
0.939
0.896
0.954
0.951
0.910
0.941
0.969
0.948
0.984
0.980
0.962
0.925
0.958
0.898
0.815
0.911
0.982
0.964
0.946
0.960
0.941
0.916
0.921
0.949
0.896
0.947
0.980
0.952
0.958
0.913
0.956
0.915
0.841
0.809
0.976
0.962
0.966
0.964
0.948
0.930
0.939
0.949
0.935
0.904
0.818
0.868
0.855
0.880
0.831
0.891
0.893
0.945
0.963
0.922
0.916
0.955
0.957
0.851
0.841
0.900
0.930
0.951
0.975
0.985
0.984
0.785
0.746
0.864
0.863
0.875
0.914
0.940
0.960
0.956
0.938
0.922
0.899
0.846
0.854
0.909
0.964
0.983
0.956
0.962
0.956
0.971
0.938
0.961
0.946
0.969
0.975
0.956
0.891
0.855
0.855
0.814
0.938
0.982
0.957
0.931
0.930
0.924
0.984
0.937
0.915
0.898
0.893
0.928
0.926
0.974
0.936
0.964
0.983
0.962
0.983
0.991
0.972
0.984
0.984
0.989
0.997
0.994
0.962
0.966
0.987
0.973
0.986
0.978
0.968
0.987
0.956
0.917
0.979
0.990
0.992
0.967
0.957
0.982
0.991
0.987
0.992
0.966
0.996
0.997
0.988
0.995
0.991
0.980
0.987
0.994
0.960
0.997
0.997
0.995
0.980
0.996
0.991
0.979
0.970
0.964
0.956
0.942
0.989
0.993
0.984
0.909
0.935
0.956
0.983
0.939
0.932
0.924
0.847
0.869
0.948
0.931
0.874
0.975
0.974
0.862
0.804
0.861
0.865
0.966
0.895
0.836
0.875
0.925
0.956
0.963
0.953
0.953
0.891
0.832
0.812
0.811
0.748
0.746
0.684
0.599
0.620
0.832
0.847
0.857
0.938
0.758
0.691
0.758
0.921
0.870
0.838
0.748
0.848
0.882
0.957
0.832
0.738
0.868
0.783
0.750
0.859
0.807
0.891
0.879
0.883
0.723
0.714
0.867
0.809
0.716
0.716
0.643
0.628
0.648
0.613
0.600
0.755
0.664
0.812
0.767
0.677
0.697
0.684
0.810
0.856
0.723
0.718
0.916
0.820
0.972
0.954
0.866
0.895
0.972
0.814
0.955
0.798
0.836
0.961
0.831
0.914
0.735
0.840
0.809
0.710
0.742
0.948
0.748
0.741
0.725
0.875
0.747
0.783
0.758
0.827
0.810
0.930
0.768
0.700
0.735
0.788
0.736
0.697
0.690
0.805
0.846
0.615
0.709
0.745
0.444
0.568
0.746
0.904
0.737
0.845
0.862
0.929
0.799
0.775
0.696
0.788
0.680
0.777
0.962
0.927
0.831
0.831
0.875
0.898
0.852
0.871
0.945
0.882
0.717
0.941
0.719
0.690
0.609
0.497
0.766
0.802
0.962
0.755
0.716
0.824
0.736
0.741
0.843
0.881
0.842
0.862
0.942
0.835
0.778
0.714
0.773
0.903
0.821
0.700
0.891
0.634
0.891
0.829
0.848
0.798
0.698
0.754
0.962
0.902
0.745
0.907
0.861
0.978
0.972
0.969
0.860
0.947
0.932
0.931
0.964
0.961
0.914
0.976
0.997
0.985
0.944
0.923
0.970
0.975
0.885
0.878
0.891
0.970
0.976
0.985
0.983
0.975
0.935
0.863
0.684
0.829
0.888
0.836
0.885
0.959
0.988
0.970
0.956
0.913
0.949
0.859
0.855
0.877
0.910
0.843
0.886
0.880
0.955
0.943
0.969
0.957
0.918
0.958
0.979
0.974
0.984
0.988
0.976
0.988
0.992
0.969
0.971
0.943
0.953
0.903
0.948
0.965
0.976
0.971
0.987
0.964
0.948
0.990
0.928
0.900
0.908
0.921
0.950
0.974
0.939
0.908
0.971
0.951
0.985
0.888
0.911
0.972
0.947
0.966
0.954
0.969
0.962
0.978
0.971
0.938
0.979
0.963
0.973
0.976
0.982
0.964
0.978
0.981
0.983
0.984
0.977
0.967
0.973
0.988
0.974
0.973
0.979
0.983
0.979
0.987
0.987
0.992
0.991
0.979
0.964
0.912
0.932
0.982
0.954
0.965
0.989
0.993
0.965
0.955
0.956
0.948
0.963
0.974
0.975
0.981
0.972
0.979
0.983
0.979
0.981
0.988
0.992
0.990
0.987
0.916
0.942
0.942
0.971
0.921
0.893
0.873
0.980
0.894
0.709
0.710
0.733
0.753
0.810
0.739
0.699
0.715
0.695
0.653
0.759
0.759
0.805
0.734
0.700
0.685
0.749
0.996
0.952
0.965
0.974
0.893
0.975
0.883
0.802
0.872
0.787
0.864
0.792
0.923
0.747
0.967
0.831
0.947
0.851
0.752
0.732
0.758
0.817
0.817
0.894
0.882
0.721
0.697
0.803
0.975
0.992
0.977
0.976
0.977
0.893
0.892
0.854
0.699
0.710
0.884
0.821
0.749
0.904
0.907
0.862
0.834
0.797
0.786
0.776
0.859
0.810
0.793
0.882
0.871
0.846
0.857
0.754
0.717
0.847
0.821
0.773
0.726
0.810
0.934
0.829
0.807
0.694
0.772
0.669
0.774
0.962
0.785
0.730
0.719
0.690
0.696
0.553
0.498
0.513
0.604
0.545
0.569
0.679
0.874
0.635
0.783
0.672
0.692
0.772
0.825
0.773
0.839
0.685
0.649
0.732
0.936
0.750
0.655
0.655
0.808
0.960
0.800
0.839
0.922
0.782
0.842
0.924
0.740
0.861
0.963
0.848
0.919
0.938
0.845
0.777
0.790
0.679
0.728
0.667
0.698
0.736
0.928
0.967
0.787
0.863
0.744
0.791
0.961
0.983
0.954
0.995
0.996
0.995
0.891
0.970
0.957
0.890
0.846
0.918
0.867
0.916
0.940
0.813
0.929
0.850
0.764
0.703
0.601
0.897
0.962
0.903
0.965
0.970
0.951
0.900
0.838
0.758
0.870
0.800
0.949
0.773
0.787
0.840
0.864
0.784
0.766
0.882
0.763
0.795
0.672
0.583
0.918
0.910
0.926
0.941
0.957
0.971
0.975
0.981
0.994
0.994
0.963
0.923
0.987
0.978
0.943
0.929
0.954
0.989
0.924
0.929
0.959
0.968
0.954
0.964
0.980
0.962
0.930
0.961
0.942
0.930
0.955
0.942
0.953
0.961
0.980
0.991
0.996
0.996
0.985
0.962
0.966
0.942
0.972
0.970
0.970
0.979
0.968
0.962
0.989
0.978
0.987
0.963
0.967
0.945
0.970
0.978
0.976
0.936
0.920
0.918
0.871
0.853
0.850
0.823
0.904
0.903
0.932
0.906
0.876
0.903
0.929
0.876
0.905
0.946
0.967
0.934
0.924
0.947
0.972
0.979
0.968
0.959
0.915
0.965
0.969
0.974
0.986
0.982
0.981
0.978
0.980
0.970
0.970
0.978
0.940
0.951
0.969
0.921
0.921
0.924
0.895
0.925
0.936
0.908
0.982
0.978
0.977
0.965
0.939
0.976
0.971
0.970
0.979
0.853
0.884
0.896
0.870
0.880
0.896
0.847
0.924
0.872
0.845
0.868
0.903
0.950
0.973
0.984
0.969
0.929
0.972
0.993
0.990
0.972
0.982
0.986
0.988
0.990
0.967
0.943
0.945
0.977
0.982
0.983
0.979
0.973
0.987
0.965
0.987
0.973
0.987
0.976
0.973
0.913
0.931
0.954
0.934
0.960
0.921
0.900
0.957
0.975
0.988
0.987
0.991
0.994
0.991
0.981
0.980
0.982
0.972
0.989
0.946
0.971
0.984
0.997
0.997
0.987
0.987
0.988
0.982
0.985
0.990
0.992
0.992
0.995
0.989
0.987
0.997
0.997
0.996
0.994
0.996
0.991
0.960
0.977
0.986
0.926
0.983
0.984
0.785
0.979
0.990
0.852
0.880
0.870
0.913
0.678
0.639
0.753
0.832
0.866
0.863
0.966
0.914
0.970
0.934
0.967
0.861
0.845
0.768
0.640
0.576
0.529
0.509
0.684
0.789
0.798
0.692
0.825
0.894
0.955
0.947
0.927
0.846
0.836
0.884
0.842
0.867
0.918
0.852
0.835
0.946
0.949
0.842
0.738
0.729
0.767
0.789
0.768
0.745
0.792
0.816
0.731
0.717
0.746
0.816
0.919
0.921
0.831
0.920
0.655
0.766
0.920
0.770
0.652
0.643
0.824
0.924
0.929
0.970
0.749
0.632
0.928
0.854
0.759
0.915
0.798
0.881
0.943
0.757
0.732
0.832
0.863
0.891
0.817
0.739
0.688
0.806
0.837
0.804
0.777
0.751
0.730
0.769
0.947
0.810
0.699
0.753
0.807
0.945
0.860
0.936
0.871
0.749
0.713
0.706
0.942
0.815
0.752
0.954
0.744
0.750
0.801
0.803
0.805
0.749
0.724
0.820
0.953
0.859
0.781
0.708
0.752
0.748
0.952
0.823
0.680
0.783
0.858
0.903
0.918
0.972
0.930
0.874
0.704
0.667
0.833
0.788
0.773
0.773
0.882
0.793
0.861
0.843
0.783
0.785
0.691
0.829
0.798
0.952
0.957
0.837
0.649
0.725
0.909
0.857
0.835
0.829
0.790
0.736
0.712
0.868
0.884
0.928
0.898
0.770
0.879
0.756
0.787
0.855
0.934
0.870
0.794
0.675
0.798
0.897
0.947
0.869
0.956
0.919
0.872
0.901
0.880
0.866
0.815
0.851
0.898
0.881
0.862
0.874
0.954
0.962
0.952
0.942
0.924
0.941
0.905
0.949
0.914
0.930
0.930
0.905
0.949
0.960
0.929
0.892
0.960
0.980
0.969
0.976
0.970
0.952
0.921
0.974
0.954
0.973
0.934
0.921
0.978
0.989
0.963
0.980
0.974
0.985
0.989
0.968
0.973
0.975
0.975
0.989
0.988
0.982
0.971
0.971
0.866
0.849
0.894
0.939
0.920
0.944
0.952
0.896
0.851
0.846
0.837
0.908
0.937
0.925
0.822
0.774
0.794
0.817
0.818
0.911
0.949
0.922
0.906
0.942
0.923
0.966
0.960
0.927
0.878
0.909
0.927
0.931
0.949
0.934
0.953
0.946
0.885
0.910
0.916
0.917
0.938
0.938
0.943
0.923
0.946
0.883
0.919
0.916
0.894
0.891
0.895
0.875
0.879
0.938
0.860
0.880
0.912
0.940
0.941
0.935
0.949
0.873
0.850
0.944
0.964
0.948
0.955
0.960
0.932
0.961
0.938
0.945
0.894
0.903
0.895
0.932
0.920
0.957
0.877
0.931
0.949
0.894
0.904
0.893
0.889
0.894
0.874
0.889
0.910
0.907
0.897
0.950
0.954
0.975
0.966
0.966
0.950
0.924
0.929
0.957
0.948
0.917
0.930
0.883
0.870
0.903
0.869
0.915
0.922
0.905
0.887
0.924
0.910
0.930
0.915
0.917
0.968
0.931
0.961
0.889
0.889
0.924
0.952
0.959
0.979
0.983
0.925
0.972
0.933
0.965
0.924
0.869
0.792
0.930
0.933
0.940
0.901
0.934
0.881
0.923
0.832
0.888
0.735
0.865
0.910
0.716
0.727
0.807
0.653
0.584
0.585
0.620
0.831
0.732
0.791
0.713
0.823
0.707
0.821
0.730
0.655
0.637
0.909
0.880
0.824
0.762
0.806
0.771
0.618
0.639
0.465
0.850
0.926
0.679
0.669
0.966
0.833
0.779
0.905
0.964
0.916
0.853
0.882
0.843
0.810
0.853
0.854
0.831
0.863
0.826
0.790
0.851
0.874
0.920
0.706
0.734
0.803
0.757
0.785
0.759
0.805
0.817
0.844
0.751
0.946
0.769
0.805
0.816
0.763
0.527
0.928
0.740
0.696
0.666
0.797
0.692
0.886
0.905
0.841
0.780
0.913
0.939
0.770
0.730
0.722
0.904
0.945
0.916
0.787
0.774
0.703
0.720
0.728
0.684
0.648
0.698
0.670
0.616
0.761
0.943
0.744
0.714
0.795
0.812
0.780
0.793
0.964
0.706
0.707
0.681
0.882
0.879
0.954
0.744
0.773
0.640
0.602
0.737
0.929
0.890
0.900
0.933
0.963
0.798
0.857
0.872
0.801
0.787
0.834
0.813
0.811
0.816
0.856
0.830
0.877
0.788
0.812
0.685
0.735
0.772
0.817
0.725
0.736
0.784
0.820
0.836
0.827
0.899
0.945
0.794
0.886
0.875
0.736
0.695
0.688
0.821
0.807
0.613
0.610
0.765
0.944
0.932
0.910
0.805
0.901
0.830
0.488
0.580
0.780
0.664
0.558
0.863
0.744
0.873
0.898
0.844
0.729
0.879
0.832
0.808
0.815
0.742
0.865
0.894
0.924
0.987
0.976
0.982
0.844
0.811
0.795
0.864
0.908
0.952
0.910
0.960
0.958
0.953
0.941
0.949
0.960
0.932
0.893
0.956
0.926
0.925
0.975
0.956
0.949
0.922
0.943
0.929
0.912
0.919
0.917
0.891
0.875
0.851
0.853
0.831
0.905
0.949
0.957
0.963
0.951
0.816
0.842
0.923
0.944
0.963
0.964
0.948
0.907
0.840
0.883
0.906
0.946
0.920
0.966
0.969
0.946
0.930
0.929
0.933
0.932
0.911
0.862
0.930
0.942
0.918
0.888
0.934
0.925
0.806
0.813
0.925
0.929
0.883
0.894
0.895
0.891
0.867
0.820
0.852
0.923
0.900
0.946
0.959
0.943
0.903
0.888
0.904
0.879
0.896
0.883
0.895
0.919
0.908
0.942
0.963
0.948
0.929
0.865
0.924
0.939
0.976
0.950
0.946
0.862
0.940
0.913
0.909
0.918
0.944
0.901
0.870
0.879
0.804
0.860
0.928
0.928
0.895
0.904
0.905
0.922
0.926
0.833
0.834
0.909
0.943
0.974
0.988
0.924
0.940
0.934
0.941
0.896
0.915
0.943
0.949
0.938
0.955
0.881
0.915
0.954
0.964
0.889
0.923
0.961
0.919
0.973
0.911
0.879
0.899
0.940
0.917
0.909
0.919
0.944
0.936
0.854
0.854
0.911
0.960
0.924
0.937
0.970
0.950
0.876
0.869
0.926
0.954
0.971
0.975
0.953
0.948
0.915
0.970
0.968
0.959
0.963
0.952
0.944
0.925
0.944
0.959
0.908
0.909
0.877
0.751
0.897
0.858
0.765
0.689
0.559
0.536
0.892
0.907
0.832
0.900
0.834
0.887
0.928
0.957
0.931
0.737
0.566
0.702
0.889
0.821
0.725
0.661
0.572
0.728
0.921
0.912
0.879
0.872
0.715
0.869
0.912
0.969
0.985
0.891
0.715
0.636
0.617
0.661
0.590
0.588
0.562
0.738
0.780
0.703
0.613
0.767
0.841
0.790
0.703
0.628
0.581
0.591
0.660
0.745
0.753
0.748
0.815
0.690
0.847
0.848
0.738
0.699
0.768
0.712
0.872
0.953
0.864
0.780
0.809
0.752
0.900
0.854
0.707
0.719
0.879
0.816
0.746
0.963
0.951
0.813
0.772
0.758
0.846
0.889
0.951
0.963
0.784
0.768
0.908
0.862
0.856
0.800
0.834
0.798
0.714
0.740
0.900
0.690
0.626
0.929
0.928
0.778
0.787
0.963
0.771
0.711
0.784
0.777
0.734
0.759
0.929
0.823
0.816
0.850
0.774
0.730
0.957
0.728
0.700
0.883
0.951
0.984
0.837
0.752
0.746
0.728
0.643
0.731
0.929
0.934
0.960
0.832
0.827
0.805
0.871
0.829
0.835
0.863
0.912
0.846
0.834
0.814
0.788
0.700
0.481
0.529
0.708
0.759
0.654
0.930
0.895
0.850
0.687
0.732
0.571
0.564
0.836
0.919
0.938
0.768
0.544
0.668
0.678
0.691
0.861
0.866
0.966
0.837
0.797
0.785
0.801
0.911
0.935
0.766
0.794
0.726
0.758
0.805
0.854
0.920
0.981
0.978
0.972
0.962
0.954
0.968
0.975
0.951
0.919
0.883
0.925
0.886
0.943
0.891
0.844
0.952
0.933
0.919
0.905
0.864
0.948
0.976
0.985
0.927
0.914
0.938
0.925
0.894
0.846
0.856
0.845
0.890
0.846
0.882
0.934
0.941
0.959
0.966
0.973
0.928
0.881
0.862
0.839
0.954
0.929
0.881
0.912
0.954
0.885
0.919
0.895
0.931
0.994
0.997
0.995
0.995
0.982
0.989
0.997
0.962
0.954
0.886
0.888
0.947
0.976
0.928
0.920
0.900
0.979
0.936
0.954
0.961
0.972
0.939
0.916
0.957
0.944
0.897
0.964
0.952
0.958
0.922
0.884
0.831
0.912
0.861
0.854
0.938
0.982
0.991
0.986
0.980
0.973
0.968
0.969
0.976
0.968
0.979
0.929
0.914
0.922
0.981
0.935
0.976
0.989
0.945
0.957
0.966
0.923
0.929
0.980
0.959
0.992
0.912
0.931
0.949
0.997
0.999
0.998
0.993
0.998
0.996
0.997
0.991
0.981
0.931
0.944
0.985
0.891
0.982
0.965
0.992
1.001
1.000
0.991
0.954
0.992
0.926
0.856
0.921
0.877
0.894
0.838
0.853
0.739
0.752
0.645
0.872
0.888
0.864
0.932
0.956
0.934
0.961
0.942
0.828
0.804
0.727
0.823
0.896
0.778
0.819
0.874
0.841
0.837
0.798
0.859
0.853
0.955
0.793
0.686
0.751
0.705
0.723
0.641
0.648
0.819
0.894
0.828
0.933
0.964
0.871
0.803
0.717
0.674
0.722
0.815
0.809
0.900
0.707
0.765
0.830
0.985
0.826
0.631
0.718
0.817
0.982
0.903
0.797
0.765
0.748
0.824
0.798
0.893
0.944
0.893
0.978
0.822
0.946
0.830
0.765
0.838
0.891
0.984
0.776
0.729
0.803
0.900
0.987
0.958
0.841
0.703
0.557
0.518
0.518
0.923
0.856
0.666
0.668
0.671
0.707
0.646
0.761
0.742
0.800
0.741
0.927
0.745
0.819
0.973
0.896
0.769
0.881
0.980
0.800
0.979
0.870
0.786
0.963
0.960
0.836
0.716
0.813
0.949
0.800
0.862
0.792
0.746
0.671
0.866
0.892
0.767
0.855
0.983
0.988
0.861
0.798
0.630
0.767
0.839
0.773
0.952
0.793
0.848
0.772
0.885
0.723
0.627
0.628
0.549
0.672
0.592
0.594
0.959
0.737
0.808
0.859
0.816
0.908
0.819
0.753
0.934
0.979
0.805
0.793
0.806
0.780
0.787
0.726
0.826
0.776
0.835
0.829
0.757
0.796
0.990
0.996
0.936
0.745
0.811
0.817
0.822
0.824
0.836
0.923
0.778
0.785
0.767
0.709
0.787
0.736
0.669
0.691
0.770
0.989
0.981
0.973
0.986
0.987
0.941
0.979
0.919
0.544
0.754
0.780
0.686
0.928
0.953
0.706
0.579
0.805
0.919
0.993
0.994
0.965
0.915
0.819
0.776
0.760
0.767
0.848
0.910
0.973
0.991
0.966
0.943
0.957
0.914
0.829
0.850
0.840
0.599
0.465
0.470
0.496
0.583
0.576
0.401
0.569
0.604
0.756
0.856
0.581
0.321
0.615
0.499
0.723
0.603
0.736
0.667
0.899
0.994
0.962
0.955
0.840
0.964
0.954
0.907
0.945
0.961
0.978
0.910
0.968
0.972
0.965
0.955
0.845
0.921
0.896
0.967
0.986
0.962
0.927
0.952
1.018
0.880
0.884
0.930
0.948
0.957
0.994
0.990
0.939
0.960
0.973
0.962
0.973
0.974
0.976
0.984
0.981
0.896
0.960
0.941
0.959
0.839
0.915
0.896
0.958
0.969
0.976
0.978
0.976
0.950
0.956
0.911
0.899
0.980
0.965
0.949
0.886
0.891
0.919
0.826
0.794
0.853
0.833
0.852
0.920
0.904
0.827
0.847
0.889
0.891
0.925
0.946
0.965
0.972
0.988
0.984
0.914
0.912
0.854
0.949
0.987
0.993
0.988
0.978
0.979
0.990
0.908
0.933
0.953
1.002
0.986
0.974
0.973
0.994
0.911
0.928
0.980
1.003
1.003
1.004
0.916
0.826
0.928
0.958
0.980
0.942
0.932
0.938
0.908
0.895
0.990
0.988
0.935
0.968
0.985
0.997
0.948
0.956
0.891
0.950
0.942
0.914
0.952
0.978
0.961
0.984
1.000
0.986
0.981
0.997
0.996
0.997
0.998
0.990
0.999
0.999
0.992
0.955
0.988
0.982
0.978
0.910
1.013
0.987
0.916
0.928
0.879
0.880
0.840
0.873
0.890
0.940
0.963
0.860
0.834
0.828
0.783
0.757
0.922
0.880
0.677
0.666
0.985
0.864
0.935
0.855
0.921
0.879
0.808
0.885
0.855
0.764
0.632
0.722
0.844
0.863
0.777
0.781
0.901
0.721
0.937
0.954
0.822
0.934
0.840
0.897
0.987
0.972
0.966
0.989
0.919
0.774
0.722
0.689
0.820
0.715
0.783
0.788
0.745
0.896
0.947
0.838
0.942
0.911
0.778
0.732
0.832
0.670
0.619
0.741
0.800
0.802
0.715
0.763
0.819
0.756
0.849
0.926
0.943
0.914
0.919
0.983
0.948
0.754
0.630
0.682
0.769
0.983
0.969
0.865
0.705
0.704
0.856
0.741
0.601
0.789
0.930
0.929
0.750
0.737
0.830
0.896
0.922
0.771
0.801
0.817
0.813
0.889
0.885
0.795
0.681
0.758
0.748
0.756
0.910
0.711
0.655
0.601
0.611
0.728
0.719
0.835
0.813
0.773
0.968
0.695
0.651
0.752
0.904
0.979
0.896
0.821
0.820
0.930
0.918
0.931
0.677
0.627
0.719
0.726
0.795
0.985
0.939
0.732
0.757
0.777
0.783
0.808
0.983
0.771
0.768
0.898
0.894
0.948
0.866
0.942
0.950
0.827
0.979
0.933
0.916
0.937
0.802
0.929
0.817
0.836
0.965
0.776
0.951
0.954
0.873
0.887
0.904
0.912
0.986
0.916
0.959
0.966
0.800
0.775
0.792
0.793
0.793
0.799
0.789
0.874
0.975
0.938
0.941
0.911
0.986
0.997
0.984
0.996
0.999
0.976
0.960
0.970
0.965
0.972
0.995
0.998
0.994
0.977
0.877
0.728
0.609
0.753
0.753
0.908
0.921
0.846
0.900
0.955
0.859
0.884
0.996
0.977
0.989
0.975
0.953
0.938
0.964
0.953
0.979
0.949
0.925
0.906
0.928
0.918
0.953
0.934
0.844
0.881
0.968
0.973
0.967
0.962
0.961
0.939
0.892
0.986
0.980
0.976
0.959
0.992
0.982
0.951
0.961
0.917
0.944
0.909
0.946
0.967
0.914
0.998
1.000
0.998
0.976
0.943
0.922
0.955
0.975
0.944
0.926
0.951
0.924
0.932
0.906
0.884
0.921
0.979
0.980
0.958
0.897
0.898
0.928
0.868
0.927
0.968
0.963
0.980
0.970
0.986
0.978
0.937
0.966
0.966
0.927
0.941
0.924
0.900
0.829
0.897
0.952
0.918
0.936
0.962
0.963
0.904
0.885
0.914
0.949
0.904
0.897
0.858
0.938
0.908
0.885
0.983
0.965
0.945
1.008
0.970
0.917
0.969
0.987
0.994
0.986
0.995
0.997
0.958
0.987
0.984
0.924
0.894
0.915
0.955
0.978
0.949
0.959
0.964
0.984
0.995
0.992
0.978
0.956
0.957
0.974
0.989
0.987
0.977
0.919
0.966
0.967
0.972
0.981
0.982
0.967
0.953
0.981
0.975
0.996
0.996
0.958
0.972
0.966
0.948
0.943
0.901
0.989
0.994
0.920
0.976
1.009
0.977
0.914
0.989
0.973
0.948
0.985
0.935
0.922
0.978
0.854
0.822
0.850
0.949
0.923
0.805
0.845
0.977
0.982
0.916
0.895
0.795
0.836
0.957
0.882
0.764
0.906
0.874
0.812
0.857
0.900
0.977
0.873
0.875
0.851
0.855
0.943
0.960
0.992
0.982
1.000
0.951
0.851
0.809
0.791
0.804
0.842
0.844
0.926
0.909
0.766
0.709
0.963
0.931
0.901
0.774
0.754
0.733
0.670
0.808
0.856
0.911
0.968
0.877
0.884
0.803
0.932
0.951
0.828
0.779
0.747
0.899
0.898
0.879
0.754
0.852
0.939
0.916
0.881
0.789
0.692
0.703
0.685
0.704
0.685
0.687
0.886
0.834
0.824
0.725
0.724
0.682
0.828
0.735
0.801
0.674
0.650
0.741
0.738
0.674
0.629
0.589
0.479
0.755
0.746
0.654
0.693
0.679
0.825
0.750
0.731
0.892
0.861
0.798
0.746
0.765
0.746
0.736
0.907
0.855
0.729
0.725
0.905
0.778
0.910
0.947
0.887
0.927
0.765
0.765
0.750
0.883
0.716
0.681
0.690
0.747
0.908
0.782
0.826
0.903
0.894
0.793
0.915
0.912
0.776
0.934
0.918
0.888
0.939
0.917
0.701
0.837
0.727
0.773
0.633
0.726
0.900
0.908
0.809
0.895
0.972
0.892
0.793
0.845
0.969
0.978
0.967
0.944
0.866
0.968
0.987
0.944
0.990
0.998
0.996
0.956
0.985
0.946
0.872
0.874
0.990
0.956
0.975
0.969
0.926
0.868
0.856
0.981
0.966
0.987
0.991
0.948
0.866
0.975
0.988
0.899
0.942
0.977
0.946
0.985
0.992
0.960
0.977
0.957
0.998
0.973
0.975
0.974
0.962
0.993
0.999
0.997
0.977
0.943
0.985
0.986
0.935
0.888
0.892
0.933
0.981
0.969
0.977
0.939
0.747
0.849
0.977
0.972
0.966
0.897
0.924
0.971
0.895
0.899
0.891
0.915
0.894
0.832
0.866
0.895
0.965
0.990
0.985
0.996
0.992
0.994
0.996
0.993
0.968
0.976
0.993
0.962
0.844
