19910101
0.989
0.965
0.994
0.989
0.951
0.955
0.977
0.979
0.964
0.974
0.995
0.996
0.991
0.980
0.968
0.932
0.912
0.908
0.903
0.850
0.895
0.936
0.868
0.887
0.948
0.905
0.925
0.843
0.803
0.876
0.904
0.932
0.894
0.901
0.912
0.898
0.859
0.863
0.956
0.947
0.966
0.873
0.899
0.929
0.905
0.932
0.971
0.948
0.954
0.983
0.971
0.974
0.973
0.947
0.964
0.948
0.989
0.956
0.985
0.975
0.980
0.976
0.980
0.979
0.980
0.964
0.940
0.966
0.996
0.988
0.989
0.970
0.959
0.964
0.951
0.893
0.989
0.924
0.970
0.906
0.926
0.974
0.922
0.928
0.986
0.987
0.959
0.961
0.966
0.952
0.955
0.922
0.965
0.956
0.952
0.992
0.953
0.975
0.988
0.966
0.899
0.908
0.942
0.951
0.979
0.986
0.974
0.978
0.955
0.948
0.953
0.937
0.977
0.988
0.982
0.971
0.963
0.954
0.990
0.963
0.980
0.997
0.997
0.994
0.994
0.986
0.984
0.982
0.879
0.941
0.989
0.995
0.992
0.995
0.996
0.994
0.995
0.996
0.995
0.995
0.984
0.985
0.991
0.995
0.994
0.997
0.990
0.970
0.994
0.995
0.987
0.996
0.981
0.992
0.996
0.984
0.994
0.987
0.990
0.898
0.991
0.964
0.983
0.993
0.964
0.837
0.897
0.992
0.955
0.936
0.851
0.857
0.780
0.857
0.993
0.952
0.932
0.990
0.951
0.981
0.894
0.823
0.779
0.774
0.832
0.879
0.741
0.771
0.893
0.966
0.817
0.845
0.881
0.963
0.986
0.860
0.790
0.955
0.826
0.779
0.985
0.976
0.921
0.806
0.911
0.981
0.970
0.994
0.983
0.900
0.700
0.825
0.993
0.988
0.986
0.953
0.890
0.791
0.683
0.704
0.906
0.954
0.793
0.922
0.829
0.852
0.813
0.731
0.684
0.778
0.805
0.962
0.859
0.785
0.899
0.840
0.834
0.790
0.910
0.730
0.868
0.761
0.679
0.666
0.792
0.748
0.721
0.714
0.790
0.973
0.830
0.734
0.593
0.690
0.897
0.918
0.847
0.897
0.823
0.905
0.815
0.761
0.858
0.762
0.741
0.960
0.801
0.707
0.729
0.958
0.822
0.806
0.870
0.938
0.912
0.858
0.711
0.781
0.812
0.746
0.884
0.886
0.795
0.664
0.847
0.751
0.761
0.812
0.907
0.779
0.884
0.912
0.978
0.959
0.954
0.950
0.979
0.970
0.980
0.974
0.938
0.945
0.898
0.862
0.661
0.750
0.837
0.918
0.861
0.948
0.927
0.962
0.971
0.969
0.927
0.935
0.934
0.957
0.961
0.986
0.987
0.968
0.986
0.984
0.991
0.988
0.992
0.977
0.991
0.934
0.880
0.928
0.958
0.937
0.913
0.906
0.848
0.858
0.925
0.957
0.962
0.972
0.906
0.829
0.913
0.876
0.776
0.807
0.810
0.865
0.942
0.973
0.978
0.975
0.977
0.996
0.978
0.984
0.981
0.966
0.983
0.943
0.853
0.867
0.840
0.855
0.905
0.888
0.930
0.968
0.958
0.952
0.956
0.981
0.978
0.951
0.904
0.959
0.934
0.974
0.931
0.969
0.914
0.928
0.976
0.874
0.941
0.965
0.977
0.978
0.988
0.956
0.878
0.949
0.927
0.971
0.904
0.914
0.944
0.977
0.990
0.984
0.945
0.939
0.964
0.960
0.967
0.994
0.986
0.984
0.960
0.971
0.960
0.933
0.894
0.875
0.918
0.952
0.953
0.942
0.976
0.963
0.956
0.952
0.949
0.969
0.966
0.954
0.945
0.924
0.964
0.988
0.974
0.977
0.992
0.977
0.951
0.987
0.989
0.992
0.986
0.957
0.948
0.943
0.987
0.990
0.991
0.995
0.989
0.968
0.960
0.988
0.968
0.966
0.975
0.974
0.988
0.989
0.977
0.979
0.990
0.993
0.990
0.978
0.969
0.842
0.759
0.758
0.947
0.778
0.860
0.899
0.905
0.940
0.996
0.968
0.804
0.986
0.994
0.989
0.956
0.977
0.996
0.997
0.995
0.996
0.996
0.917
0.994
0.996
0.996
0.996
0.980
0.997
0.997
0.995
0.996
0.996
0.988
0.974
0.934
0.917
0.995
0.988
0.987
0.992
0.987
0.988
0.972
0.945
0.976
0.990
0.995
0.995
0.996
0.997
0.994
0.897
0.785
0.967
0.956
0.843
0.922
0.851
0.934
0.973
0.953
0.962
0.996
0.995
0.995
0.996
0.996
0.995
0.957
0.992
0.868
0.814
0.707
0.765
0.793
0.976
0.793
0.705
0.675
0.793
0.773
0.787
0.924
0.899
0.939
0.985
0.940
0.962
0.881
0.917
0.972
0.993
0.927
0.904
0.942
0.973
0.965
0.710
0.745
0.996
0.868
0.768
0.936
0.850
0.750
0.899
0.841
0.706
0.853
0.746
0.658
0.902
0.770
0.783
0.856
0.956
0.879
0.734
0.756
0.495
0.506
0.784
0.862
0.875
0.777
0.910
0.841
0.856
0.733
0.610
0.576
0.543
0.875
0.797
0.746
0.986
0.696
0.659
0.701
0.654
0.543
0.698
0.714
0.840
0.744
0.923
0.985
0.994
0.972
0.922
0.985
0.985
0.858
0.818
0.840
0.757
0.950
0.969
0.817
0.700
0.726
0.763
0.841
0.796
0.731
0.746
0.968
0.784
0.718
0.670
0.797
0.875
0.973
0.893
0.886
0.850
0.973
0.925
0.865
0.964
0.877
0.832
0.962
0.964
0.886
0.853
0.764
0.782
0.970
0.968
0.967
0.946
0.980
0.981
0.957
0.947
0.940
0.972
0.963
0.946
0.966
0.960
0.936
0.990
0.975
0.986
0.988
0.977
0.991
0.896
0.752
0.924
0.939
0.917
0.918
0.916
0.944
0.942
0.974
0.993
0.967
0.962
0.978
0.978
0.979
0.992
0.970
0.930
0.974
0.994
0.962
0.969
0.995
0.973
0.979
0.967
0.989
0.938
0.983
0.973
0.950
0.982
0.985
0.980
0.942
0.977
0.970
0.927
0.930
0.962
0.925
0.950
0.932
0.940
0.974
0.975
0.989
0.971
0.959
0.903
0.863
0.890
0.841
0.913
0.842
0.848
0.832
0.890
0.899
0.901
0.900
0.968
0.994
0.977
0.965
0.956
0.976
0.977
0.983
0.961
0.889
0.882
0.933
0.940
0.896
0.893
0.865
0.974
0.944
0.965
0.944
0.970
0.988
0.991
0.982
0.953
0.911
0.867
0.837
0.864
0.900
0.873
0.969
0.955
0.933
0.915
0.902
0.957
0.929
0.898
0.863
0.908
0.967
0.974
0.953
0.973
0.964
0.931
0.906
0.897
0.928
0.905
0.939
0.958
0.976
0.976
0.984
0.947
0.918
0.969
0.982
0.950
0.947
0.932
0.945
0.978
0.981
0.974
0.976
0.978
0.988
0.995
0.994
0.950
0.976
0.981
0.987
0.995
0.984
0.970
0.958
0.945
0.919
0.929
0.974
0.974
0.988
0.989
0.962
0.982
0.962
0.990
0.995
0.979
0.992
0.996
0.994
0.982
0.960
0.988
0.996
0.995
0.989
0.977
0.953
0.905
0.844
0.792
0.664
0.623
0.931
0.843
0.968
0.993
0.996
0.956
0.981
0.996
0.997
0.994
0.996
0.988
0.996
0.996
0.931
0.932
0.947
0.974
0.942
0.990
0.993
0.944
0.938
0.937
0.923
0.983
0.990
0.921
0.872
0.857
0.820
0.712
0.980
0.997
0.997
0.991
0.894
0.928
0.994
0.996
0.987
0.950
0.993
0.993
0.901
0.792
0.985
0.993
0.941
0.907
0.971
0.760
0.951
0.762
0.656
0.991
0.951
0.866
0.963
0.994
0.964
0.979
0.946
0.978
0.733
0.699
0.659
0.846
0.916
0.844
0.742
0.973
0.774
0.757
0.663
0.858
0.994
0.974
0.934
0.821
0.847
0.801
0.688
0.854
0.901
0.947
0.915
0.935
0.773
0.758
0.835
0.985
0.830
0.925
0.802
0.760
0.826
0.862
0.841
0.748
0.907
0.747
0.887
0.852
0.886
0.840
0.899
0.871
0.824
0.854
0.627
0.672
0.834
0.972
0.920
0.873
0.728
0.873
0.784
0.937
0.947
0.973
0.967
0.935
0.973
0.872
0.712
0.968
0.981
0.834
0.885
0.969
0.994
0.903
0.782
0.822
0.801
0.953
0.887
0.874
0.807
0.778
0.952
0.876
0.861
0.964
0.901
0.836
0.810
0.727
0.750
0.771
0.901
0.974
0.900
0.874
0.981
0.773
0.767
0.830
0.899
0.866
0.795
0.762
0.838
0.812
0.854
0.839
0.842
0.757
0.802
0.819
0.844
0.843
0.880
0.968
0.941
0.938
0.983
0.990
0.996
0.994
0.996
0.995
0.959
0.942
0.964
0.934
0.896
0.939
0.930
0.905
0.899
0.904
0.945
0.924
0.977
0.977
0.955
0.956
0.970
0.912
0.913
0.943
0.978
0.962
0.936
0.923
0.881
0.913
0.910
0.930
0.944
0.859
0.902
0.853
0.956
0.911
0.918
0.915
0.943
0.929
0.811
0.977
0.898
0.902
0.939
0.925
0.892
0.953
0.955
0.969
0.967
0.960
0.959
0.972
0.988
0.979
0.960
0.951
0.892
0.942
0.955
0.946
0.943
0.957
0.902
0.937
0.968
0.976
0.984
0.964
0.975
0.982
0.953
0.960
0.977
0.973
0.974
0.962
0.973
0.975
0.963
0.982
0.939
0.938
0.962
0.901
0.885
0.879
0.942
0.817
0.907
0.974
0.988
0.970
0.965
0.965
0.931
0.966
0.965
0.947
0.958
0.980
0.974
0.964
0.973
0.991
0.989
0.970
0.945
0.978
0.961
0.936
0.905
0.940
0.950
0.943
0.938
0.917
0.946
0.960
0.978
0.975
0.979
0.986
0.983
0.955
0.966
0.986
0.984
0.988
0.959
0.932
0.955
0.983
0.994
0.994
0.991
0.997
0.994
0.994
0.984
0.976
0.986
0.972
0.975
0.978
0.971
0.984
0.990
0.960
0.955
0.951
0.991
0.984
0.961
0.988
0.984
0.982
0.979
0.957
0.969
0.971
0.948
0.963
0.953
0.968
0.958
0.949
0.968
0.985
0.983
0.994
0.984
0.986
0.989
0.995
0.981
0.989
0.974
0.978
0.980
0.984
0.989
0.996
0.990
0.996
0.995
0.971
0.981
0.987
0.960
0.954
0.993
0.980
0.893
0.885
0.903
0.984
0.947
0.833
0.876
0.839
0.881
0.785
0.847
0.829
0.986
0.993
0.966
0.973
0.893
0.979
0.969
0.963
0.972
0.955
0.977
0.996
0.968
0.903
0.889
0.986
0.976
0.994
0.996
0.989
0.899
0.989
0.902
0.972
0.993
0.857
0.911
0.772
0.697
0.800
0.699
0.898
0.980
0.980
0.890
0.911
0.829
0.699
0.540
0.564
0.685
0.932
0.911
0.806
0.817
0.584
0.568
0.921
0.873
0.926
0.909
0.936
0.850
0.880
0.803
0.803
0.845
0.852
0.834
0.734
0.838
0.916
0.992
0.990
0.906
0.837
0.798
0.844
0.977
0.922
0.890
0.731
0.713
0.660
0.802
0.832
0.726
0.793
0.613
0.773
0.730
0.630
0.684
0.574
0.736
0.802
0.816
0.855
0.741
0.980
0.802
0.827
0.841
0.789
0.687
0.707
0.638
0.781
0.983
0.862
0.778
0.656
0.946
0.806
0.735
0.779
0.956
0.981
0.800
0.758
0.725
0.745
0.738
0.819
0.821
0.781
0.785
0.847
0.856
0.914
0.791
0.987
0.988
0.995
0.982
0.926
0.824
0.830
0.718
0.726
0.769
0.967
0.936
0.817
0.777
0.822
0.909
0.937
0.972
0.827
0.919
0.802
0.897
0.853
0.702
0.717
0.661
0.666
0.553
0.652
0.809
0.931
0.876
0.701
0.719
0.780
0.712
0.869
0.989
0.880
0.951
0.808
0.915
0.944
0.965
0.892
0.888
0.907
0.876
0.843
0.810
0.846
0.933
0.908
0.872
0.932
0.995
0.984
0.955
0.952
0.979
0.996
0.979
0.975
0.995
0.981
0.896
0.958
0.967
0.932
0.993
0.981
0.988
0.954
0.891
0.876
0.885
0.965
0.948
0.942
0.976
0.971
0.916
0.888
0.929
0.975
0.968
0.855
0.801
0.942
0.917
0.893
0.948
0.889
0.911
0.974
0.975
0.960
0.962
0.966
0.941
0.931
0.964
0.994
0.970
0.966
0.932
0.961
0.921
0.944
0.902
0.872
0.892
0.906
0.896
0.918
0.973
0.971
0.958
0.937
0.824
0.911
0.935
0.942
0.954
0.969
0.964
0.966
0.975
0.983
0.951
0.972
0.965
0.944
0.966
0.966
0.983
0.929
0.931
0.972
0.985
0.960
0.988
0.966
0.939
0.949
0.986
0.986
0.976
0.975
0.961
0.979
0.973
0.983
0.970
0.990
0.967
0.978
0.977
0.987
0.965
0.953
0.981
0.964
0.978
0.960
0.976
0.954
0.961
0.979
0.928
0.970
0.906
0.959
0.935
0.952
0.970
0.923
0.981
0.931
0.971
0.951
0.945
0.980
0.987
0.981
0.971
0.944
0.933
0.934
0.962
0.982
0.980
0.936
0.960
0.949
0.938
0.991
0.993
0.971
0.981
0.996
0.997
0.996
0.992
0.980
0.985
0.996
0.997
0.995
0.972
0.966
0.991
0.984
0.982
0.957
0.993
0.989
0.953
0.979
0.983
0.992
0.994
0.991
0.979
0.996
0.975
0.930
0.856
0.606
0.918
0.978
0.979
0.982
0.990
0.995
0.997
0.995
0.987
0.996
0.996
0.975
0.978
0.948
0.950
0.996
0.997
0.994
0.990
0.926
0.932
0.944
0.973
0.988
0.994
0.977
0.991
0.994
0.996
0.996
0.995
0.996
0.996
0.997
0.995
0.989
0.994
0.993
0.996
0.995
0.996
0.994
0.984
0.995
0.962
0.986
0.979
0.778
0.874
0.993
0.993
0.995
0.995
0.994
0.923
0.994
0.996
0.991
0.810
0.883
0.890
0.875
0.961
0.858
0.745
0.794
0.819
0.668
0.695
0.909
0.840
0.915
0.927
0.915
0.887
0.787
0.811
0.692
0.735
0.610
0.980
0.845
0.758
0.679
0.799
0.968
0.865
0.934
0.734
0.732
0.779
0.712
0.607
0.691
0.654
0.836
0.946
0.977
0.995
0.984
0.890
0.965
0.972
0.909
0.880
0.887
0.802
0.907
0.952
0.923
0.844
0.794
0.871
0.977
0.923
0.785
0.971
0.985
0.990
0.987
0.988
0.966
0.975
0.981
0.954
0.975
0.901
0.952
0.936
0.849
0.821
0.812
0.785
0.986
0.913
0.970
0.975
0.928
0.919
0.924
0.992
0.964
0.927
0.968
0.974
0.984
0.934
0.982
0.984
0.939
0.954
0.844
0.908
0.893
0.874
0.898
0.893
0.829
0.794
0.821
0.682
0.609
0.756
0.963
0.947
0.851
0.808
0.934
0.986
0.970
0.984
0.976
0.920
0.827
0.811
0.857
0.881
0.958
0.932
0.970
0.981
0.912
0.988
0.968
0.952
0.949
0.931
0.944
0.985
0.984
0.970
0.971
0.970
0.987
0.994
0.966
0.936
0.949
0.962
0.930
0.945
0.888
0.916
0.962
0.976
0.955
0.968
0.975
0.984
0.988
0.973
0.967
0.948
0.957
0.941
0.963
0.930
0.951
0.956
0.910
0.908
0.946
0.975
0.944
0.954
0.955
0.978
0.982
0.986
0.976
0.956
0.986
0.952
0.952
0.944
0.972
0.979
0.955
0.924
0.922
0.948
0.978
0.985
0.960
0.983
0.857
0.812
0.958
0.972
0.991
0.968
0.966
0.963
0.966
0.982
0.983
0.935
0.933
0.901
0.858
0.893
0.909
0.942
0.953
0.967
0.980
0.980
0.974
0.983
0.967
0.964
0.960
0.888
0.903
0.918
0.955
0.950
0.918
0.872
0.889
0.869
0.920
0.909
0.954
0.917
0.924
0.961
0.952
0.958
0.975
0.961
0.943
0.897
0.961
0.925
0.884
0.880
0.948
0.965
0.968
0.953
0.921
0.971
0.945
0.953
0.920
0.886
0.977
0.965
0.964
0.976
0.966
0.902
0.915
0.925
0.964
0.952
0.980
0.996
0.997
0.996
0.992
0.986
0.984
0.988
0.971
0.987
0.975
0.988
0.915
0.954
0.934
0.936
0.970
0.982
0.975
0.975
0.988
0.990
0.934
0.972
0.974
0.966
0.994
0.997
0.991
0.979
0.957
0.925
0.946
0.976
0.982
0.990
0.820
0.652
0.956
0.992
0.944
0.971
0.751
0.815
0.994
0.995
0.996
0.826
0.931
0.844
0.996
0.994
0.996
0.997
0.997
0.997
0.996
0.994
0.995
0.995
0.965
0.995
0.789
0.672
0.670
0.993
0.936
0.891
0.929
0.712
0.989
0.795
0.986
0.887
0.636
0.910
0.991
0.991
0.791
0.775
0.997
0.995
0.783
0.699
0.688
0.815
0.857
0.873
0.892
0.992
0.737
0.705
0.898
0.730
0.634
0.886
0.759
0.869
0.984
0.983
0.936
0.976
0.973
0.852
0.835
0.844
0.939
0.915
0.930
0.807
0.715
0.812
0.928
0.890
0.856
0.864
0.972
0.918
0.992
0.821
0.796
0.849
0.908
0.994
0.771
0.790
0.676
0.741
0.691
0.564
0.724
0.798
0.803
0.649
0.888
0.805
0.816
0.765
0.724
0.828
0.944
0.870
0.769
0.775
0.860
0.878
0.724
0.780
0.922
0.977
0.917
0.839
0.889
0.934
0.824
0.976
0.820
0.886
0.789
0.883
0.858
0.990
0.904
0.921
0.858
0.960
0.867
0.896
0.990
0.936
0.985
0.982
0.957
0.987
0.826
0.993
0.970
0.804
0.970
0.794
0.817
0.983
0.984
0.988
0.993
0.991
0.989
0.849
0.898
0.894
0.981
0.993
0.981
0.832
0.978
0.816
0.990
0.971
0.657
0.744
0.982
0.966
0.906
0.977
0.996
0.985
0.976
0.995
0.995
0.947
0.856
0.988
0.972
0.849
0.954
0.983
0.982
0.973
0.997
0.992
0.996
0.916
0.887
0.848
0.991
0.928
0.984
0.984
0.973
0.958
0.962
0.922
0.969
0.815
0.976
0.863
0.968
0.897
0.958
0.981
0.865
0.810
0.877
0.983
0.971
0.990
0.991
0.972
0.935
0.967
0.950
0.942
0.942
0.950
0.962
0.980
0.977
0.972
0.962
0.959
0.971
0.966
0.955
0.964
0.965
0.969
0.965
0.956
0.966
0.992
0.986
0.991
0.975
0.990
0.964
0.960
0.971
0.991
0.984
0.990
0.992
0.988
0.992
0.990
0.957
0.851
0.822
0.876
0.835
0.877
0.927
0.955
0.948
0.974
0.969
0.947
0.962
0.972
0.971
0.954
0.964
0.920
0.777
0.898
0.903
0.920
0.925
0.955
0.950
0.976
0.983
0.993
0.971
0.945
0.964
0.996
0.981
0.946
0.985
0.940
0.827
0.887
0.796
0.854
0.897
0.938
0.970
0.938
0.922
0.898
0.886
0.899
0.947
0.967
0.948
0.959
0.975
0.948
0.913
0.940
0.954
0.968
0.959
0.979
0.963
0.964
0.959
0.971
0.955
0.749
0.714
0.774
0.892
0.845
0.768
0.975
0.903
0.821
0.648
0.658
0.743
0.814
0.853
0.852
0.914
0.943
0.954
0.862
0.934
0.964
0.887
0.891
0.751
0.946
0.863
0.911
0.862
0.926
0.964
0.943
0.867
0.969
0.980
0.982
0.986
0.976
0.974
0.777
0.834
0.690
0.779
0.819
0.786
0.780
0.656
0.964
0.906
0.713
0.706
0.825
0.966
0.772
0.696
0.758
0.686
0.703
0.877
0.971
0.823
0.905
0.985
0.966
0.819
0.703
0.780
0.773
0.833
0.950
0.945
0.830
0.805
0.768
0.815
0.832
0.606
0.639
0.606
0.723
0.808
0.713
0.720
0.806
0.944
0.841
0.957
0.823
0.698
0.759
0.901
0.675
0.721
0.738
0.891
0.924
0.906
0.867
0.786
0.813
0.755
0.827
0.847
0.766
0.752
0.852
0.843
0.916
0.764
0.926
0.948
0.893
0.918
0.814
0.724
0.917
0.812
0.882
0.740
0.859
0.942
0.805
0.574
0.790
0.830
0.733
0.721
0.872
0.986
0.993
0.983
0.951
0.804
0.905
0.943
0.858
0.796
0.810
0.976
0.748
0.753
0.975
0.983
0.955
0.811
0.797
0.731
0.860
0.886
0.984
0.786
0.867
0.873
0.768
0.709
0.978
0.898
0.792
0.764
0.859
0.935
0.855
0.846
0.828
0.735
0.725
0.709
0.707
0.762
0.882
0.801
0.977
0.885
0.832
0.821
0.808
0.766
0.768
0.856
0.771
0.895
0.862
0.800
0.960
0.821
0.869
0.640
0.716
0.828
0.942
0.816
0.873
0.945
0.798
0.719
0.836
0.685
0.732
0.921
0.874
0.784
0.689
0.738
0.766
0.764
0.895
0.831
0.819
0.824
0.797
0.779
0.754
0.767
0.772
0.760
0.743
0.821
0.845
0.976
0.724
0.553
0.642
0.803
0.800
0.687
0.787
0.684
0.908
0.965
0.959
0.915
0.957
0.864
0.758
0.826
0.840
0.952
0.888
0.627
0.853
0.795
0.869
0.937
0.628
0.444
0.486
0.835
0.846
0.852
0.818
0.842
0.810
0.770
0.783
0.928
0.918
0.852
0.793
0.833
0.902
0.871
0.766
0.940
0.946
0.808
0.915
0.935
0.958
0.948
0.970
0.976
0.978
0.971
0.972
0.976
0.981
0.996
0.996
0.978
0.971
0.966
0.943
0.875
0.941
0.976
0.979
0.978
0.994
0.978
0.990
0.974
0.963
0.931
0.941
0.971
0.984
0.995
0.974
0.984
0.956
0.967
0.968
0.986
0.957
0.981
0.925
0.954
0.970
0.978
0.970
0.964
0.942
0.952
0.967
0.975
0.976
0.939
0.865
0.934
0.941
0.966
0.982
0.992
0.976
0.968
0.923
0.971
0.975
0.971
0.956
0.960
0.941
0.974
0.926
0.918
0.886
0.906
0.911
0.919
0.947
0.932
0.936
0.915
0.846
0.835
0.939
0.948
0.910
0.864
0.876
0.902
0.958
0.993
0.933
0.947
0.974
0.922
0.879
0.970
0.904
0.945
0.992
0.996
0.964
0.970
0.960
0.936
0.959
0.965
0.945
0.966
0.933
0.888
0.916
0.963
0.957
0.944
0.905
0.946
0.977
0.978
0.994
0.996
0.996
0.996
0.992
0.982
0.969
0.912
0.950
0.954
0.895
0.920
0.953
0.976
0.828
0.978
0.749
0.966
0.984
0.910
0.864
0.948
0.913
0.806
0.849
0.895
0.932
0.953
0.921
0.911
0.964
0.937
0.976
0.982
0.986
0.959
0.976
0.923
0.842
0.994
0.921
0.742
0.976
0.771
0.979
0.890
0.791
0.811
0.841
0.894
0.995
0.822
0.966
0.763
0.722
0.982
0.929
0.971
0.966
0.899
0.888
0.988
0.931
0.884
0.994
0.932
0.738
0.950
0.927
0.968
0.979
0.962
0.740
0.768
0.650
0.801
0.944
0.883
0.882
0.971
0.975
0.872
0.774
0.587
0.667
0.902
0.667
0.835
0.976
0.987
0.882
0.726
0.886
0.864
0.803
0.749
0.994
0.765
0.634
0.671
0.788
0.725
0.772
0.889
0.829
0.906
0.991
0.750
0.839
0.925
0.992
0.880
0.846
0.819
0.859
0.986
0.793
0.761
0.730
0.814
0.759
0.877
0.726
0.846
0.738
0.751
0.663
0.623
0.544
0.815
0.743
0.905
0.971
0.850
0.816
0.836
0.740
0.762
0.951
0.843
0.683
0.881
0.759
0.968
0.749
0.744
0.679
0.611
0.666
0.650
0.708
0.840
0.824
0.833
0.672
0.687
0.967
0.819
0.820
0.818
0.839
0.817
0.893
0.921
0.850
0.909
0.825
0.891
0.988
0.828
0.735
0.711
0.905
0.864
0.966
0.824
0.785
0.971
0.748
0.768
0.859
0.956
0.957
0.973
0.824
0.848
0.906
0.971
0.878
0.994
0.954
0.984
0.881
0.700
0.832
0.772
0.873
0.962
0.860
0.856
0.924
0.909
0.976
0.936
0.969
0.868
0.979
0.982
0.808
0.742
0.785
0.869
0.972
0.939
0.843
0.870
0.784
0.957
0.987
0.952
0.863
0.760
0.722
0.915
0.955
0.910
0.960
0.836
0.865
0.904
0.931
0.972
0.933
0.932
0.975
0.957
0.885
0.961
0.886
0.950
0.975
0.973
0.934
0.937
0.960
0.964
0.979
0.972
0.901
0.906
0.945
0.922
0.835
0.952
0.989
0.990
0.981
0.969
0.971
0.965
0.977
0.974
0.960
0.967
0.956
0.947
0.949
0.948
0.926
0.861
0.949
0.980
0.981
0.988
0.966
0.937
0.940
0.891
0.909
0.940
0.970
0.967
0.949
0.934
0.933
0.950
0.947
0.968
0.959
0.950
0.935
0.892
0.889
0.907
0.891
0.946
0.898
0.902
0.930
0.980
0.960
0.942
0.979
0.947
0.965
0.954
0.949
0.963
0.957
0.968
0.928
0.942
0.910
0.902
0.966
0.931
0.951
0.981
0.961
0.980
0.955
0.897
0.880
0.823
0.962
0.987
0.986
0.981
0.976
0.964
0.921
0.951
0.935
0.913
0.871
0.902
0.943
0.932
0.948
0.950
0.972
0.992
0.996
0.988
0.979
0.959
0.964
0.911
0.959
0.984
0.968
0.988
0.991
0.985
0.972
0.956
0.947
0.952
0.929
0.979
0.989
0.994
0.974
0.940
0.968
0.997
0.996
0.949
0.892
0.933
0.988
0.980
0.981
0.989
0.995
0.978
0.986
0.984
0.986
0.996
0.987
0.975
0.981
0.995
0.993
0.983
0.997
0.988
0.991
0.976
0.996
0.986
0.996
0.887
0.957
0.935
0.982
0.994
0.988
0.983
0.940
0.950
0.994
0.940
0.994
0.995
0.992
0.995
0.995
0.861
0.986
0.992
0.945
0.987
0.894
0.982
0.983
0.960
0.801
0.988
0.966
0.992
0.910
0.948
0.825
0.986
0.939
0.894
0.846
0.727
0.890
0.887
0.994
0.987
0.930
0.987
0.917
0.931
0.852
0.986
0.871
0.705
0.855
0.831
0.897
0.757
0.888
0.728
0.988
0.845
0.869
0.753
0.995
0.994
0.880
0.910
0.934
0.989
0.984
0.977
0.977
0.906
0.799
0.985
0.993
0.734
0.990
0.973
0.843
0.854
0.926
0.808
0.918
0.975
0.874
0.835
0.624
0.561
0.722
0.874
0.950
0.984
0.980
0.903
0.882
0.841
0.826
0.888
0.875
0.754
0.801
0.723
0.775
0.909
0.984
0.991
0.921
0.765
0.777
0.900
0.967
0.951
0.761
0.985
0.763
0.718
0.695
0.653
0.844
0.875
0.882
0.763
0.757
0.833
0.935
0.911
0.864
0.711
0.880
0.937
0.875
0.885
0.932
0.980
0.808
0.833
0.778
0.888
0.715
0.789
0.963
0.881
0.952
0.913
0.879
0.909
0.834
0.771
0.834
0.787
0.805
0.907
0.897
0.819
0.796
0.839
0.782
0.785
0.759
0.572
0.816
0.962
0.899
0.724
0.760
0.841
0.728
0.809
0.866
0.803
0.862
0.821
0.936
0.849
0.841
0.832
0.786
0.980
0.841
0.995
0.994
0.965
0.963
0.866
0.990
0.967
0.929
0.984
0.867
0.874
0.918
0.730
0.854
0.725
0.726
0.843
0.858
0.891
0.869
0.833
0.910
0.854
0.647
0.834
0.808
0.896
0.827
0.933
0.996
0.983
0.950
0.968
0.971
0.980
0.996
0.983
0.982
0.970
0.953
0.959
0.979
0.956
0.977
0.955
0.966
0.915
0.927
0.952
0.972
0.986
0.966
0.932
0.943
0.931
0.939
0.883
0.931
0.990
0.944
0.929
0.978
0.878
0.870
0.949
0.940
0.981
0.957
0.987
0.953
0.959
0.975
0.957
0.891
0.978
0.969
0.951
0.926
0.861
0.893
0.967
0.903
0.968
0.915
0.937
0.976
0.927
0.908
0.981
0.950
0.862
0.908
0.974
0.929
0.949
0.974
0.975
0.978
0.917
0.844
0.950
0.946
0.931
0.899
0.967
0.988
0.966
0.960
0.963
0.977
0.973
0.874
0.791
0.799
0.856
0.913
0.937
0.981
0.984
0.883
0.962
0.994
0.968
0.986
0.977
0.959
0.964
0.987
0.922
0.959
0.973
0.971
0.991
0.969
0.956
0.956
0.967
0.979
0.986
0.949
0.891
0.905
0.960
0.990
0.951
0.960
0.969
0.947
0.969
0.972
0.961
0.981
0.949
0.952
0.953
0.977
0.997
0.997
0.987
0.995
0.993
0.982
0.982
0.980
0.986
0.988
0.992
0.940
0.913
0.992
0.985
0.995
0.984
0.986
0.996
0.991
0.966
0.954
0.968
0.988
0.970
0.985
0.946
0.983
0.966
0.797
0.950
0.983
0.984
0.983
0.956
0.990
0.996
0.997
0.898
0.865
0.976
0.995
0.996
0.997
0.997
0.816
0.975
0.902
0.993
0.997
0.995
0.850
0.874
0.965
0.979
0.936
0.994
0.912
0.875
0.704
0.819
0.744
0.713
0.776
0.914
0.956
0.797
0.817
0.823
0.832
0.960
0.804
0.874
0.763
0.816
0.716
0.780
0.877
0.867
0.774
0.862
0.918
0.811
0.972
0.725
0.737
0.770
0.826
0.819
0.931
0.845
0.800
0.640
0.715
0.683
0.937
0.732
0.879
0.958
0.880
0.684
0.564
0.507
0.576
0.622
0.630
0.978
0.858
0.912
0.785
0.652
0.651
0.760
0.683
0.772
0.664
0.635
0.706
0.757
0.688
0.798
0.942
0.792
0.798
0.908
0.973
0.779
0.935
0.944
0.958
0.741
0.702
0.781
0.859
0.772
0.721
0.771
0.799
0.898
0.919
0.749
0.965
0.874
0.915
0.756
0.670
0.690
0.951
0.974
0.974
0.975
0.938
0.820
0.860
0.746
0.673
0.882
0.812
0.781
0.689
0.838
0.710
0.697
0.569
0.482
0.503
0.833
0.759
0.667
0.692
0.649
0.820
0.899
0.763
0.823
0.970
0.890
0.941
0.858
0.958
0.984
0.816
0.966
0.832
0.728
0.782
0.804
0.715
0.857
0.851
0.743
0.902
0.947
0.828
0.744
0.738
0.958
0.919
0.860
0.844
0.803
0.856
0.855
0.809
0.765
0.783
0.894
0.947
0.983
0.892
0.871
0.989
0.979
0.959
0.918
0.909
0.850
0.928
0.791
0.792
0.724
0.757
0.941
0.980
0.954
0.864
0.831
0.863
0.810
0.838
0.856
0.843
0.938
0.800
0.859
0.832
0.872
0.870
0.849
0.862
0.977
0.762
0.868
0.878
0.843
0.857
0.935
0.866
0.811
0.859
0.912
0.938
0.935
0.976
0.951
0.900
0.891
0.969
0.896
0.886
0.944
0.957
0.893
0.889
0.887
0.844
0.807
0.861
0.877
0.957
0.938
0.897
0.901
0.915
0.913
0.938
0.931
0.863
0.803
0.890
0.814
0.916
0.801
0.821
0.734
0.896
0.900
0.843
0.478
0.666
0.758
0.871
0.965
0.954
0.966
0.968
0.926
0.925
0.909
0.971
0.956
0.969
0.958
0.955
0.996
0.985
0.964
0.972
0.987
0.990
0.887
0.866
0.897
0.912
0.948
0.964
0.960
0.967
0.947
0.977
0.980
0.989
0.988
0.987
0.949
0.927
0.944
0.971
0.962
0.955
0.927
0.974
0.993
0.977
0.984
0.996
0.977
0.983
0.992
0.950
0.917
0.945
0.966
0.936
0.955
0.971
0.985
0.972
0.979
0.886
0.984
0.986
0.962
0.942
0.928
0.922
0.830
0.876
0.932
0.984
0.993
0.994
0.972
0.977
0.988
0.980
0.972
0.983
0.995
0.978
0.978
0.937
0.974
0.992
0.993
0.986
0.992
0.994
0.994
0.995
0.918
0.982
0.964
0.967
0.909
0.981
0.983
0.958
0.956
0.978
0.873
0.895
0.909
0.942
0.996
0.988
0.990
0.989
0.993
0.997
0.975
0.935
0.966
0.989
0.988
0.976
0.980
0.980
0.987
0.988
0.973
0.869
0.985
0.876
0.768
0.890
0.781
0.765
0.676
0.716
0.749
0.791
0.815
0.972
0.969
0.946
0.858
0.876
0.789
0.820
0.670
0.818
0.834
0.714
0.770
0.928
0.750
0.825
0.960
0.896
0.929
0.982
0.996
0.804
0.894
0.760
0.686
0.778
0.900
0.893
0.785
0.976
0.787
0.667
0.908
0.732
0.890
0.972
0.981
0.966
0.687
0.815
0.868
0.665
0.939
0.871
0.984
0.989
0.792
0.706
0.652
0.746
0.720
0.763
0.667
0.597
0.956
0.825
0.718
0.956
0.846
0.744
0.720
0.724
0.595
0.651
0.839
0.765
0.715
0.900
0.775
0.823
0.781
0.772
0.981
0.867
0.862
0.912
0.990
0.882
0.729
0.742
0.829
0.793
0.760
0.696
0.699
0.784
0.790
0.607
0.762
0.643
0.819
0.960
0.879
0.772
0.761
0.876
0.925
0.973
0.873
0.739
0.665
0.636
0.566
0.655
0.878
0.697
0.819
0.895
0.876
0.806
0.780
0.731
0.700
0.662
0.683
0.866
0.729
0.863
0.974
0.966
0.963
0.693
0.953
0.989
0.957
0.962
0.907
0.884
0.871
0.890
0.844
0.705
0.927
0.915
0.942
0.972
0.860
0.800
0.758
0.991
0.978
0.995
0.954
0.988
0.981
0.851
0.785
0.989
0.981
0.805
0.784
0.721
0.943
0.818
0.735
0.783
0.782
0.785
0.828
0.851
0.665
0.580
0.692
0.753
0.947
0.808
0.736
0.775
0.803
0.925
0.846
0.801
0.962
0.900
0.843
0.748
0.782
0.860
0.681
0.625
0.940
0.846
0.771
0.822
0.900
0.863
0.897
0.797
0.950
0.826
0.762
0.976
0.960
0.924
0.530
0.440
0.674
0.652
0.834
0.911
0.762
0.570
0.953
0.912
0.960
0.973
0.938
0.865
0.910
0.975
0.986
0.989
0.973
0.940
0.956
0.968
0.963
0.834
0.876
0.847
0.944
0.979
0.917
0.860
0.913
0.878
0.895
0.880
0.905
0.926
0.914
0.959
0.931
0.858
0.953
0.969
0.919
0.972
0.985
0.938
0.917
0.881
0.877
0.826
0.861
0.733
0.808
0.932
0.886
0.931
0.888
0.892
0.913
0.935
0.858
0.875
0.955
0.951
0.898
0.950
0.971
0.984
0.972
0.975
0.976
0.962
0.973
0.979
0.986
0.914
0.799
0.884
0.929
0.815
0.799
0.830
0.835
0.924
0.975
0.895
0.940
0.905
0.889
0.870
0.900
0.879
0.904
0.879
0.851
0.873
0.860
0.859
0.958
0.773
0.837
0.939
0.912
0.978
0.989
0.978
0.950
0.993
0.969
0.956
0.961
0.941
0.987
0.967
0.986
0.966
0.971
0.968
0.951
0.875
0.835
0.964
0.981
0.973
0.990
0.992
0.993
0.984
0.979
0.976
0.955
0.878
0.860
0.854
0.956
0.944
0.913
0.969
0.909
0.823
0.858
0.959
0.898
0.924
0.977
0.988
0.956
0.957
0.984
0.902
0.985
0.989
0.964
0.986
0.939
0.984
0.994
0.964
0.892
0.839
0.992
0.974
0.814
0.888
0.745
0.878
0.745
0.793
0.752
0.781
0.923
0.944
0.753
0.751
0.800
0.719
0.692
0.761
0.898
0.852
0.820
0.710
0.622
0.630
0.727
0.945
0.891
0.698
0.700
0.767
0.906
0.829
0.892
0.890
0.980
0.813
0.759
0.734
0.723
0.676
0.539
0.651
0.722
0.659
0.970
0.900
0.971
0.971
0.765
0.759
0.635
0.581
0.602
0.702
0.660
0.525
0.631
0.750
0.880
0.692
0.731
0.885
0.901
0.685
0.668
0.965
0.771
0.788
0.696
0.792
0.828
0.823
0.702
0.890
0.805
0.671
0.634
0.774
0.913
0.900
0.957
0.975
0.929
0.879
0.928
0.899
0.749
0.632
0.692
0.739
0.610
0.725
0.960
0.906
0.843
0.715
0.854
0.784
0.816
0.944
0.800
0.699
0.934
0.895
0.981
0.992
0.869
0.898
0.812
0.985
0.989
0.991
0.869
0.804
0.861
0.854
0.897
0.717
0.724
0.972
0.808
0.867
0.911
0.897
0.800
0.902
0.917
0.940
0.807
0.802
0.990
0.918
0.809
0.811
0.890
0.878
0.889
0.800
0.786
0.973
0.915
0.786
0.728
0.767
0.948
0.796
0.732
0.595
0.826
0.896
0.945
0.983
0.982
0.996
0.968
0.956
0.990
0.910
0.807
0.845
0.712
0.591
0.794
0.938
0.964
0.959
0.962
0.780
0.787
0.823
0.966
0.993
0.965
0.932
0.845
0.802
0.898
0.868
0.913
0.695
0.840
0.876
0.891
0.953
0.982
0.963
0.839
0.889
0.644
0.834
0.987
0.993
0.993
0.976
0.979
0.994
0.961
0.959
0.970
0.975
0.979
0.975
0.910
0.990
0.937
0.807
0.786
0.894
0.961
0.966
0.915
0.871
0.925
0.824
0.854
0.853
0.958
0.952
0.918
0.966
0.967
0.915
0.910
0.970
0.947
0.963
0.961
0.949
0.946
0.846
0.748
0.768
0.845
0.869
0.841
0.869
0.841
0.955
0.945
0.751
0.584
0.924
0.912
0.943
0.928
0.959
0.920
0.905
0.893
0.957
0.950
0.993
0.979
0.945
0.883
0.951
0.949
0.924
0.919
0.906
0.918
0.904
0.895
0.756
0.863
0.978
0.935
0.962
0.950
0.927
0.928
0.927
0.919
0.957
0.966
0.986
0.958
0.954
0.979
0.982
0.940
0.931
0.936
0.872
0.907
0.951
0.975
0.958
0.959
0.922
0.979
0.934
0.918
0.857
0.871
0.920
0.938
0.896
0.906
0.902
0.884
0.896
0.942
0.956
0.982
0.978
0.952
0.935
0.937
0.937
0.894
0.987
0.987
0.985
0.965
0.957
0.966
0.986
0.957
0.946
0.944
0.924
0.888
0.970
0.955
0.951
0.912
0.892
0.926
0.907
0.897
0.971
0.971
0.972
0.955
0.833
0.987
0.993
0.890
0.960
0.997
0.993
0.983
0.986
0.985
0.956
0.979
0.974
0.928
0.855
0.959
0.891
0.847
0.980
0.924
0.983
0.873
0.767
0.821
0.952
0.947
0.746
0.828
0.897
0.818
0.865
0.873
0.872
0.794
0.770
0.755
0.747
0.811
0.799
0.758
0.647
0.585
0.582
0.634
0.597
0.852
0.928
0.902
0.854
0.944
0.891
0.736
0.706
0.808
0.757
0.740
0.957
0.967
0.866
0.794
0.654
0.777
0.921
0.983
0.936
0.919
0.888
0.892
0.753
0.634
0.653
0.729
0.858
0.900
0.884
0.764
0.870
0.687
0.718
0.672
0.723
0.694
0.854
0.823
0.721
0.866
0.796
0.781
0.703
0.585
0.562
0.613
0.787
0.802
0.882
0.819
0.675
0.557
0.822
0.762
0.899
0.956
0.878
0.737
0.710
0.735
0.709
0.719
0.685
0.674
0.661
0.541
0.598
0.686
0.896
0.778
0.596
0.545
0.654
0.638
0.673
0.825
0.728
0.646
0.666
0.974
0.729
0.688
0.680
0.824
0.700
0.657
0.620
0.592
0.584
0.593
0.570
0.554
0.569
0.485
0.481
0.388
0.485
0.685
0.738
0.740
0.766
0.743
0.674
0.724
0.772
0.636
0.598
0.661
0.646
0.599
0.659
0.756
0.894
0.978
0.790
0.943
0.669
0.529
0.568
0.704
0.744
0.899
0.958
0.886
0.876
0.981
0.978
0.838
0.660
0.643
0.630
0.563
0.560
0.509
0.606
0.548
0.909
0.884
0.633
0.694
0.747
0.718
0.952
0.767
0.811
0.742
0.844
0.860
0.988
0.884
0.910
0.912
0.988
0.925
0.851
0.919
0.927
0.873
0.710
0.677
0.615
0.611
0.719
0.907
0.955
0.976
0.958
0.888
0.649
0.864
0.934
0.971
0.982
0.960
0.948
0.971
0.934
0.870
0.872
0.708
0.635
0.812
0.794
0.884
0.798
0.882
0.805
0.978
0.897
0.860
0.867
0.956
0.860
0.915
0.775
0.757
0.875
0.855
0.856
0.894
0.919
0.858
0.971
0.940
0.890
0.860
0.859
0.867
0.731
0.868
0.816
0.910
0.728
0.921
0.910
0.962
0.937
0.833
0.953
0.940
0.958
0.966
0.953
0.956
0.965
0.945
0.959
0.865
0.762
0.835
0.927
0.962
0.961
0.985
0.990
0.985
0.981
0.967
0.857
0.893
0.973
0.974
0.981
0.962
0.980
0.985
0.976
0.995
0.984
0.965
0.965
0.928
0.956
0.961
0.930
0.978
0.962
0.916
0.802
0.863
0.964
0.930
0.965
0.943
0.925
0.914
0.956
0.960
0.954
0.942
0.894
0.913
0.940
0.963
0.953
0.957
0.939
0.975
0.968
0.982
0.904
0.970
0.972
0.918
0.978
0.957
0.959
0.980
0.993
0.972
0.937
0.933
0.955
0.948
0.905
0.938
0.937
0.926
0.958
0.897
0.915
0.982
0.988
0.977
0.957
0.928
0.972
0.975
0.987
0.984
0.964
0.932
0.855
0.930
0.957
0.992
0.901
0.984
0.989
0.987
0.985
0.973
0.930
0.954
0.976
0.966
0.909
0.983
0.950
0.925
0.983
0.872
0.893
0.956
0.945
0.974
0.992
0.991
0.982
0.990
0.991
0.982
0.910
0.986
0.882
0.970
0.904
0.855
0.984
0.896
0.988
0.968
0.966
0.993
0.993
0.968
0.832
0.899
0.866
0.983
0.878
0.859
0.985
0.941
0.819
0.921
0.905
0.771
0.987
0.990
0.913
0.986
0.992
0.780
0.717
0.937
0.762
0.838
0.994
0.901
0.669
0.875
0.687
0.874
0.947
0.910
0.675
0.965
0.866
0.946
0.989
0.907
0.951
0.887
0.697
0.650
0.645
0.695
0.781
0.863
0.957
0.803
0.713
0.948
0.715
0.660
0.905
0.976
0.756
0.840
0.822
0.828
0.809
0.689
0.554
0.888
0.727
0.632
0.842
0.886
0.744
0.745
0.702
0.933
0.728
0.599
0.892
0.851
0.817
0.837
0.910
0.786
0.884
0.759
0.802
0.710
0.810
0.795
0.806
0.692
0.681
0.940
0.859
0.786
0.896
0.718
0.669
0.664
0.714
0.786
0.698
0.658
0.686
0.842
0.754
0.767
0.694
0.599
0.735
0.827
0.823
0.790
0.885
0.827
0.664
0.732
0.636
0.703
0.924
0.959
0.802
0.583
0.808
0.918
0.981
0.811
0.716
0.893
0.861
0.893
0.842
0.743
0.729
0.884
0.739
0.729
0.737
0.727
0.695
0.680
0.782
0.964
0.808
0.776
0.980
0.940
0.792
0.741
0.720
0.828
0.799
0.706
0.907
0.974
0.986
0.963
0.883
0.831
0.787
0.874
0.818
0.787
0.821
0.743
0.701
0.759
0.886
0.855
0.912
0.969
0.978
0.880
0.778
0.726
0.811
0.960
0.759
0.730
0.806
0.832
0.905
0.939
0.842
0.710
0.761
0.791
0.829
0.782
0.805
0.809
0.972
0.862
0.801
0.665
0.683
0.923
0.969
0.980
0.950
0.880
0.900
0.849
0.854
0.968
0.948
0.905
0.887
0.925
0.839
0.894
0.944
0.916
0.977
0.988
0.938
0.837
0.928
0.926
0.784
0.883
0.909
0.925
0.936
0.950
0.930
0.958
0.865
0.826
0.921
0.816
0.736
0.861
0.765
0.809
0.793
0.873
0.910
0.899
0.936
0.942
0.921
0.866
0.888
0.963
0.969
0.969
0.984
0.984
0.980
0.977
0.918
0.914
0.971
0.980
0.974
0.945
0.938
0.985
0.939
0.941
0.966
0.948
0.932
0.935
0.983
0.946
0.860
0.848
0.878
0.940
0.966
0.967
0.982
0.977
0.945
0.947
0.934
0.912
0.859
0.824
0.815
0.787
0.944
0.973
0.968
0.983
0.949
0.905
0.943
0.933
0.909
0.914
0.936
0.989
0.996
0.971
0.961
0.938
0.952
0.945
0.943
0.951
0.962
0.962
0.955
0.955
0.887
0.917
0.915
0.912
0.829
0.810
0.901
0.939
0.942
0.895
0.935
0.924
0.962
0.977
0.957
0.937
0.959
0.938
0.977
0.976
0.942
0.870
0.894
0.930
0.993
0.982
0.934
0.947
0.929
0.994
0.985
0.978
0.971
0.882
0.944
0.911
0.945
0.810
0.967
0.974
0.744
0.829
0.830
0.910
0.994
0.860
0.982
0.917
0.944
0.867
0.805
0.988
0.843
0.955
0.993
0.992
0.978
0.943
0.991
0.867
0.992
0.986
0.922
0.865
0.984
0.805
0.869
0.783
0.917
0.870
0.989
0.973
0.942
0.919
0.963
0.987
0.811
0.924
0.980
0.972
0.845
0.902
0.917
0.996
0.856
0.716
0.896
0.994
0.940
0.898
0.793
0.854
0.806
0.907
0.882
0.977
0.976
0.817
0.789
0.800
0.962
0.782
0.927
0.989
0.829
0.812
0.794
0.730
0.939
0.792
0.788
0.968
0.810
0.841
0.953
0.768
0.585
0.622
0.743
0.696
0.659
0.834
0.886
0.725
0.711
0.760
0.728
0.968
0.942
0.707
0.752
0.926
0.733
0.928
0.789
0.781
0.935
0.993
0.961
0.749
0.667
0.667
0.661
0.593
0.733
0.838
0.676
0.786
0.760
0.766
0.708
0.785
0.892
0.736
0.623
0.518
0.842
0.955
0.805
0.839
0.970
0.907
0.733
0.923
0.969
0.871
0.661
0.652
0.748
0.718
0.818
0.869
0.975
0.992
0.838
0.786
0.781
0.985
0.988
0.986
0.991
0.804
0.774
0.969
0.866
0.952
0.771
0.824
0.814
0.773
0.837
0.900
0.817
0.765
0.608
0.689
0.679
0.819
0.878
0.860
0.798
0.847
0.846
0.844
0.763
0.991
0.989
0.955
0.912
0.837
0.807
0.826
0.806
0.831
0.884
0.944
0.844
0.934
0.880
0.842
0.988
0.981
0.897
0.937
0.823
0.772
0.865
0.873
0.797
0.704
0.678
0.783
0.751
0.633
0.794
0.663
0.833
0.777
0.857
0.798
0.763
0.874
0.832
0.772
0.743
0.711
0.620
0.579
0.592
0.673
0.862
0.863
0.808
0.809
0.953
0.960
0.899
0.611
0.804
0.846
0.816
0.677
0.786
0.782
0.762
0.827
0.818
0.874
0.836
0.769
0.964
0.941
0.931
0.910
0.947
0.947
0.931
0.919
0.954
0.960
0.924
0.946
0.968
0.960
0.984
0.991
0.980
0.942
0.965
0.917
0.834
0.934
0.971
0.965
0.933
0.973
0.965
0.949
0.947
0.963
0.877
0.945
0.988
0.956
0.957
0.943
0.969
0.942
0.858
0.833
0.979
0.968
0.981
0.980
0.972
0.943
0.954
0.945
0.945
0.937
0.863
0.908
0.873
0.928
0.913
0.926
0.927
0.961
0.983
0.945
0.926
0.980
0.981
0.860
0.886
0.939
0.953
0.955
0.971
0.979
0.984
0.819
0.745
0.874
0.893
0.863
0.891
0.957
0.973
0.960
0.965
0.954
0.929
0.884
0.857
0.927
0.971
0.987
0.967
0.969
0.962
0.980
0.979
0.994
0.985
0.979
0.981
0.974
0.910
0.889
0.882
0.869
0.945
0.984
0.956
0.953
0.959
0.945
0.987
0.957
0.957
0.927
0.909
0.913
0.955
0.983
0.955
0.965
0.990
0.973
0.993
0.993
0.982
0.983
0.986
0.993
0.997
0.995
0.981
0.973
0.989
0.976
0.981
0.976
0.976
0.989
0.950
0.958
0.983
0.991
0.967
0.969
0.899
0.925
0.973
0.944
0.935
0.890
0.951
0.926
0.868
0.891
0.827
0.884
0.897
0.910
0.852
0.982
0.995
0.995
0.879
0.852
0.862
0.808
0.831
0.842
0.839
0.835
0.896
0.971
0.907
0.764
0.855
0.847
0.977
0.759
0.781
0.852
0.818
0.786
0.910
0.868
0.797
0.983
0.954
0.761
0.800
0.905
0.878
0.963
0.976
0.894
0.924
0.911
0.964
0.985
0.903
0.970
0.832
0.740
0.769
0.766
0.765
0.792
0.716
0.628
0.625
0.778
0.892
0.819
0.926
0.668
0.748
0.806
0.957
0.845
0.712
0.777
0.817
0.865
0.949
0.860
0.750
0.723
0.772
0.714
0.776
0.779
0.946
0.931
0.872
0.714
0.675
0.845
0.737
0.706
0.742
0.627
0.588
0.581
0.568
0.556
0.775
0.673
0.832
0.751
0.661
0.669
0.635
0.720
0.887
0.733
0.648
0.923
0.825
0.977
0.986
0.950
0.971
0.971
0.834
0.971
0.831
0.902
0.970
0.832
0.917
0.704
0.740
0.712
0.692
0.728
0.963
0.777
0.832
0.746
0.841
0.764
0.763
0.821
0.843
0.841
0.982
0.808
0.644
0.652
0.736
0.758
0.777
0.700
0.757
0.875
0.582
0.700
0.709
0.505
0.511
0.651
0.811
0.736
0.877
0.952
0.982
0.839
0.747
0.698
0.751
0.623
0.708
0.979
0.963
0.812
0.797
0.828
0.870
0.836
0.792
0.958
0.902
0.719
0.944
0.759
0.679
0.634
0.527
0.747
0.827
0.929
0.770
0.735
0.805
0.715
0.676
0.771
0.811
0.799
0.767
0.921
0.806
0.724
0.712
0.792
0.907
0.890
0.636
0.959
0.689
0.898
0.814
0.760
0.715
0.511
0.654
0.937
0.886
0.664
0.950
0.828
0.947
0.889
0.845
0.791
0.849
0.873
0.935
0.925
0.975
0.903
0.972
0.989
0.986
0.966
0.942
0.967
0.980
0.907
0.906
0.912
0.980
0.970
0.964
0.991
0.941
0.955
0.949
0.761
0.848
0.918
0.907
0.930
0.966
0.996
0.982
0.970
0.886
0.930
0.874
0.885
0.884
0.889
0.858
0.913
0.862
0.944
0.958
0.976
0.944
0.930
0.977
0.982
0.981
0.985
0.988
0.968
0.984
0.990
0.958
0.967
0.943
0.962
0.920
0.955
0.970
0.970
0.973
0.975
0.959
0.932
0.994
0.949
0.916
0.913
0.943
0.965
0.981
0.949
0.925
0.978
0.962
0.993
0.917
0.948
0.984
0.961
0.972
0.971
0.976
0.969
0.979
0.979
0.950
0.989
0.964
0.975
0.972
0.985
0.971
0.981
0.974
0.971
0.974
0.978
0.969
0.980
0.984
0.976
0.979
0.983
0.989
0.974
0.980
0.985
0.994
0.988
0.989
0.932
0.952
0.933
0.970
0.951
0.965
0.989
0.970
0.972
0.975
0.974
0.954
0.977
0.987
0.979
0.980
0.973
0.977
0.981
0.979
0.983
0.983
0.978
0.983
0.991
0.953
0.934
0.946
0.972
0.920
0.880
0.878
0.971
0.830
0.731
0.828
0.744
0.724
0.870
0.747
0.717
0.716
0.677
0.631
0.776
0.713
0.760
0.687
0.692
0.699
0.761
0.994
0.942
0.940
0.886
0.857
0.990
0.848
0.764
0.886
0.678
0.796
0.735
0.777
0.657
0.973
0.748
0.952
0.828
0.740
0.698
0.736
0.835
0.804
0.830
0.827
0.665
0.703
0.865
0.979
0.940
0.947
0.962
0.967
0.877
0.905
0.933
0.728
0.678
0.880
0.791
0.745
0.883
0.936
0.882
0.772
0.769
0.835
0.746
0.817
0.741
0.762
0.873
0.928
0.831
0.803
0.816
0.719
0.851
0.786
0.703
0.712
0.733
0.953
0.798
0.862
0.797
0.812
0.706
0.773
0.973
0.857
0.779
0.790
0.693
0.662
0.554
0.468
0.553
0.681
0.654
0.586
0.737
0.887
0.623
0.848
0.735
0.685
0.727
0.815
0.800
0.851
0.707
0.661
0.711
0.980
0.788
0.660
0.651
0.821
0.966
0.919
0.865
0.969
0.842
0.871
0.894
0.707
0.880
0.939
0.790
0.923
0.974
0.774
0.730
0.746
0.680
0.746
0.715
0.696
0.768
0.937
0.988
0.838
0.962
0.793
0.803
0.992
0.994
0.995
0.996
0.995
0.995
0.915
0.989
0.968
0.877
0.810
0.959
0.817
0.894
0.941
0.869
0.946
0.875
0.731
0.720
0.658
0.949
0.983
0.850
0.962
0.908
0.909
0.889
0.814
0.751
0.840
0.834
0.979
0.847
0.837
0.867
0.864
0.844
0.834
0.927
0.688
0.754
0.742
0.643
0.977
0.987
0.982
0.984
0.982
0.987
0.990
0.980
0.994
0.994
0.976
0.918
0.992
0.994
0.959
0.935
0.936
0.995
0.959
0.954
0.983
0.978
0.972
0.978
0.988
0.980
0.954
0.978
0.966
0.922
0.898
0.946
0.970
0.970
0.983
0.989
0.989
0.997
0.991
0.977
0.980
0.961
0.978
0.975
0.971
0.979
0.972
0.976
0.990
0.973
0.995
0.980
0.971
0.960
0.983
0.989
0.987
0.936
0.900
0.934
0.915
0.912
0.883
0.909
0.951
0.943
0.949
0.920
0.897
0.936
0.958
0.938
0.932
0.966
0.985
0.946
0.928
0.949
0.965
0.972
0.980
0.976
0.934
0.970
0.976
0.974
0.991
0.986
0.975
0.971
0.972
0.981
0.975
0.977
0.939
0.951
0.983
0.921
0.933
0.954
0.911
0.927
0.944
0.915
0.983
0.980
0.975
0.975
0.952
0.969
0.983
0.980
0.979
0.853
0.928
0.902
0.917
0.900
0.939
0.866
0.908
0.835
0.885
0.860
0.903
0.965
0.976
0.984
0.981
0.960
0.972
0.984
0.995
0.988
0.982
0.992
0.989
0.990
0.966
0.956
0.901
0.974
0.987
0.979
0.974
0.980
0.991
0.975
0.986
0.981
0.970
0.949
0.915
0.727
0.948
0.960
0.933
0.973
0.951
0.943
0.975
0.985
0.993
0.988
0.990
0.991
0.990
0.994
0.995
0.986
0.984
0.990
0.957
0.976
0.989
0.997
0.996
0.980
0.984
0.989
0.994
0.993
0.988
0.912
0.986
0.995
0.992
0.990
0.995
0.992
0.996
0.975
0.994
0.938
0.946
0.873
0.962
0.795
0.898
0.861
0.789
0.886
0.886
0.772
0.810
0.815
0.841
0.685
0.637
0.666
0.743
0.832
0.817
0.980
0.954
0.993
0.983
0.986
0.866
0.801
0.768
0.604
0.523
0.487
0.465
0.612
0.821
0.818
0.662
0.859
0.956
0.975
0.976
0.979
0.896
0.837
0.868
0.923
0.924
0.954
0.801
0.791
0.903
0.961
0.876
0.714
0.703
0.756
0.742
0.755
0.689
0.727
0.895
0.790
0.748
0.742
0.867
0.837
0.895
0.837
0.919
0.704
0.724
0.961
0.774
0.680
0.616
0.747
0.948
0.950
0.989
0.781
0.662
0.956
0.912
0.712
0.944
0.885
0.980
0.979
0.805
0.777
0.810
0.900
0.878
0.814
0.675
0.664
0.778
0.900
0.778
0.727
0.839
0.715
0.718
0.955
0.919
0.698
0.736
0.739
0.964
0.880
0.973
0.890
0.727
0.679
0.708
0.933
0.827
0.788
0.975
0.783
0.767
0.795
0.803
0.830
0.816
0.766
0.792
0.948
0.859
0.760
0.726
0.673
0.669
0.976
0.806
0.685
0.736
0.802
0.921
0.975
0.991
0.993
0.976
0.811
0.698
0.853
0.831
0.842
0.849
0.890
0.817
0.945
0.964
0.839
0.804
0.718
0.813
0.818
0.952
0.978
0.950
0.709
0.720
0.854
0.811
0.838
0.823
0.768
0.727
0.686
0.891
0.882
0.946
0.938
0.748
0.893
0.741
0.754
0.864
0.952
0.869
0.818
0.659
0.781
0.924
0.964
0.889
0.869
0.815
0.773
0.774
0.783
0.756
0.759
0.835
0.903
0.836
0.808
0.831
0.971
0.975
0.954
0.924
0.893
0.964
0.804
0.926
0.821
0.927
0.942
0.937
0.961
0.980
0.959
0.934
0.959
0.974
0.954
0.976
0.971
0.960
0.938
0.976
0.963
0.990
0.951
0.950
0.970
0.989
0.975
0.976
0.965
0.984
0.994
0.981
0.985
0.985
0.986
0.997
0.995
0.995
0.983
0.984
0.897
0.882
0.917
0.948
0.944
0.956
0.977
0.940
0.873
0.881
0.868
0.928
0.946
0.929
0.851
0.826
0.822
0.870
0.881
0.929
0.962
0.925
0.896
0.933
0.917
0.970
0.980
0.935
0.894
0.923
0.939
0.931
0.973
0.956
0.966
0.961
0.910
0.909
0.872
0.883
0.955
0.921
0.924
0.941
0.981
0.899
0.916
0.953
0.939
0.935
0.937
0.897
0.911
0.956
0.883
0.886
0.934
0.973
0.968
0.968
0.976
0.910
0.893
0.968
0.983
0.966
0.991
0.988
0.926
0.973
0.968
0.969
0.924
0.949
0.934
0.969
0.956
0.987
0.927
0.974
0.979
0.946
0.947
0.931
0.943
0.915
0.891
0.919
0.940
0.934
0.937
0.950
0.946
0.991
0.988
0.986
0.980
0.936
0.931
0.975
0.981
0.936
0.932
0.921
0.932
0.894
0.866
0.921
0.933
0.891
0.874
0.893
0.921
0.952
0.943
0.937
0.973
0.900
0.978
0.864
0.835
0.861
0.881
0.929
0.990
0.993
0.936
0.977
0.946
0.991
0.936
0.921
0.841
0.917
0.917
0.924
0.878
0.954
0.907
0.936
0.797
0.921
0.690
0.942
0.936
0.711
0.667
0.784
0.704
0.616
0.507
0.637
0.851
0.775
0.803
0.789
0.766
0.769
0.852
0.786
0.759
0.669
0.863
0.893
0.840
0.788
0.800
0.808
0.701
0.742
0.502
0.824
0.947
0.694
0.664
0.975
0.858
0.815
0.985
0.994
0.984
0.926
0.952
0.960
0.934
0.940
0.934
0.875
0.870
0.938
0.875
0.883
0.952
0.933
0.742
0.734
0.841
0.834
0.744
0.757
0.772
0.801
0.814
0.721
0.986
0.765
0.793
0.742
0.688
0.535
0.919
0.828
0.715
0.659
0.860
0.713
0.858
0.919
0.843
0.817
0.949
0.978
0.802
0.758
0.749
0.840
0.904
0.908
0.857
0.812
0.751
0.787
0.727
0.671
0.659
0.710
0.693
0.584
0.762
0.965
0.763
0.703
0.799
0.852
0.782
0.829
0.965
0.725
0.704
0.661
0.865
0.897
0.964
0.803
0.804
0.685
0.667
0.770
0.953
0.980
0.986
0.952
0.980
0.774
0.841
0.936
0.830
0.765
0.890
0.863
0.834
0.830
0.872
0.869
0.903
0.807
0.844
0.777
0.792
0.813
0.945
0.766
0.718
0.759
0.792
0.774
0.829
0.933
0.967
0.881
0.948
0.979
0.796
0.776
0.736
0.927
0.918
0.704
0.599
0.705
0.887
0.947
0.951
0.849
0.972
0.901
0.614
0.676
0.828
0.750
0.632
0.862
0.869
0.902
0.887
0.891
0.750
0.909
0.889
0.882
0.885
0.752
0.835
0.837
0.892
0.984
0.969
0.972
0.836
0.824
0.830
0.884
0.921
0.933
0.890
0.933
0.942
0.924
0.885
0.914
0.983
0.956
0.942
0.977
0.945
0.950
0.984
0.975
0.973
0.946
0.975
0.968
0.938
0.946
0.937
0.915
0.893
0.872
0.891
0.850
0.904
0.923
0.962
0.938
0.970
0.870
0.878
0.933
0.941
0.965
0.968
0.956
0.945
0.867
0.887
0.911
0.961
0.937
0.966
0.972
0.964
0.951
0.934
0.927
0.929
0.927
0.880
0.939
0.962
0.934
0.916
0.959
0.941
0.842
0.841
0.931
0.953
0.910
0.932
0.903
0.932
0.908
0.868
0.880
0.931
0.902
0.930
0.987
0.973
0.929
0.913
0.934
0.905
0.926
0.914
0.926
0.929
0.903
0.915
0.967
0.949
0.945
0.866
0.910
0.950
0.983
0.929
0.954
0.872
0.920
0.937
0.942
0.948
0.980
0.930
0.913
0.914
0.848
0.896
0.939
0.952
0.928
0.939
0.945
0.952
0.961
0.869
0.843
0.911
0.952
0.972
0.986
0.955
0.948
0.919
0.912
0.909
0.952
0.958
0.923
0.944
0.960
0.882
0.900
0.956
0.990
0.930
0.948
0.982
0.978
0.997
0.914
0.906
0.898
0.969
0.931
0.932
0.942
0.933
0.937
0.846
0.890
0.925
0.966
0.941
0.934
0.977
0.934
0.864
0.808
0.929
0.966
0.983
0.993
0.975
0.973
0.955
0.982
0.990
0.973
0.952
0.886
0.965
0.977
0.982
0.995
0.981
0.974
0.961
0.849
0.989
0.969
0.856
0.739
0.623
0.537
0.880
0.948
0.859
0.933
0.898
0.974
0.989
0.994
0.995
0.809
0.583
0.713
0.884
0.792
0.656
0.592
0.565
0.744
0.957
0.960
0.902
0.967
0.784
0.943
0.977
0.990
0.992
0.921
0.759
0.704
0.687
0.707
0.654
0.634
0.616
0.767
0.762
0.685
0.619
0.854
0.924
0.913
0.725
0.610
0.614
0.580
0.596
0.614
0.716
0.733
0.913
0.717
0.911
0.859
0.758
0.727
0.720
0.734
0.929
0.985
0.865
0.814
0.918
0.807
0.926
0.959
0.764
0.706
0.890
0.904
0.780
0.967
0.990
0.864
0.787
0.777
0.838
0.868
0.932
0.982
0.786
0.757
0.919
0.863
0.865
0.798
0.830
0.818
0.719
0.705
0.895
0.753
0.602
0.902
0.981
0.804
0.852
0.994
0.821
0.742
0.825
0.926
0.809
0.795
0.898
0.813
0.842
0.876
0.811
0.750
0.977
0.769
0.685
0.921
0.964
0.978
0.870
0.738
0.765
0.774
0.659
0.690
0.964
0.948
0.951
0.904
0.923
0.869
0.877
0.868
0.770
0.754
0.940
0.853
0.849
0.833
0.795
0.695
0.544
0.592
0.773
0.823
0.789
0.943
0.973
0.952
0.778
0.860
0.694
0.596
0.864
0.917
0.984
0.875
0.720
0.694
0.655
0.627
0.756
0.784
0.977
0.848
0.784
0.769
0.796
0.869
0.954
0.766
0.764
0.791
0.761
0.752
0.800
0.884
0.985
0.975
0.966
0.971
0.935
0.956
0.972
0.977
0.950
0.899
0.948
0.902
0.945
0.928
0.852
0.957
0.950
0.946
0.927
0.877
0.938
0.969
0.977
0.956
0.943
0.961
0.957
0.926
0.882
0.894
0.875
0.904
0.883
0.873
0.930
0.933
0.935
0.953
0.984
0.952
0.890
0.893
0.862
0.965
0.950
0.912
0.914
0.967
0.891
0.905
0.926
0.948
0.988
0.992
0.978
0.987
0.979
0.982
0.995
0.966
0.961
0.876
0.841
0.918
0.983
0.924
0.950
0.932
0.820
0.929
0.960
0.976
0.953
0.932
0.937
0.953
0.924
0.915
0.858
0.888
0.946
0.907
0.866
0.815
0.855
0.922
0.909
0.931
0.973
0.969
0.930
0.939
0.930
0.925
0.942
0.963
0.926
0.972
0.953
0.876
0.841
0.985
0.933
0.977
0.991
0.956
0.922
0.952
0.960
0.953
0.936
0.918
0.936
0.851
0.737
0.865
0.823
0.823
0.902
0.976
0.976
0.984
0.971
0.976
0.745
0.662
0.589
0.661
0.596
0.684
0.853
0.947
0.955
0.805
0.785
0.835
0.877
0.693
0.667
0.896
0.783
0.786
0.688
0.820
0.725
0.687
0.639
0.936
0.812
0.713
0.739
0.758
0.706
0.768
0.739
0.670
0.670
0.573
0.652
0.810
0.752
0.777
0.881
0.806
0.794
0.749
0.872
0.774
0.974
0.785
0.639
0.632
0.648
0.601
0.543
0.599
0.653
0.764
0.811
0.843
0.928
0.826
0.732
0.680
0.654
0.738
0.772
0.761
0.863
0.694
0.769
0.751
0.983
0.799
0.638
0.650
0.831
0.969
0.943
0.810
0.742
0.626
0.851
0.728
0.877
0.945
0.886
0.952
0.780
0.893
0.756
0.712
0.701
0.777
0.975
0.811
0.714
0.698
0.797
0.973
0.934
0.809
0.765
0.626
0.605
0.620
0.979
0.907
0.727
0.730
0.669
0.762
0.660
0.727
0.737
0.770
0.756
0.939
0.667
0.700
0.987
0.838
0.678
0.768
0.954
0.715
0.974
0.841
0.858
0.983
0.950
0.798
0.696
0.749
0.918
0.786
0.941
0.807
0.755
0.667
0.794
0.944
0.738
0.766
0.950
0.990
0.849
0.836
0.589
0.687
0.820
0.731
0.943
0.808
0.772
0.669
0.809
0.736
0.566
0.552
0.472
0.576
0.577
0.494
0.937
0.731
0.802
0.872
0.761
0.851
0.718
0.630
0.867
0.984
0.798
0.798
0.888
0.863
0.729
0.645
0.836
0.746
0.935
0.851
0.759
0.737
0.958
0.967
0.931
0.706
0.822
0.803
0.803
0.807
0.855
0.886
0.779
0.799
0.779
0.728
0.796
0.746
0.756
0.767
0.719
0.984
0.979
0.968
0.983
0.977
0.933
0.987
0.893
0.560
0.753
0.771
0.635
0.838
0.940
0.782
0.624
0.665
0.765
0.855
0.971
0.854
0.829
0.690
0.748
0.663
0.678
0.730
0.760
0.810
0.839
0.808
0.792
0.815
0.831
0.827
0.835
0.781
0.585
0.480
0.491
0.507
0.634
0.673
0.404
0.555
0.611
0.694
0.824
0.665
0.411
0.667
0.601
0.787
0.594
0.790
0.676
0.782
0.949
0.904
0.933
0.821
0.962
0.972
0.963
0.976
0.977
0.983
0.942
0.961
0.966
0.940
0.965
0.861
0.877
0.911
0.977
0.989
0.976
0.933
0.897
0.893
0.902
0.899
0.932
0.964
0.944
0.997
0.991
0.939
0.959
0.969
0.979
0.967
0.984
0.985
0.974
0.899
0.922
0.973
0.948
0.761
0.771
0.878
0.896
0.968
0.983
0.976
0.990
0.978
0.975
0.817
0.842
0.935
0.986
0.972
0.930
0.898
0.934
0.926
0.846
0.803
0.796
0.767
0.837
0.880
0.862
0.867
0.835
0.810
0.825
0.927
0.969
0.974
0.918
0.931
0.981
0.956
0.940
0.857
0.958
0.980
0.991
0.987
0.966
0.968
0.983
0.910
0.915
0.961
0.995
0.984
0.956
0.949
0.973
0.947
0.894
0.945
0.971
0.957
0.889
0.843
0.804
0.873
0.890
0.985
0.927
0.901
0.806
0.765
0.801
0.834
0.753
0.774
0.763
0.824
0.975
0.882
0.856
0.658
0.748
0.803
0.882
0.965
0.979
0.944
0.659
0.781
0.913
0.789
0.951
0.973
0.973
0.981
0.819
0.827
0.824
0.888
0.786
0.955
0.802
0.930
0.801
0.812
0.712
0.645
0.718
0.714
0.811
0.769
0.867
0.825
0.892
0.909
0.791
0.731
0.696
0.679
0.653
0.959
0.845
0.646
0.630
0.967
0.699
0.707
0.609
0.681
0.649
0.767
0.879
0.873
0.749
0.602
0.605
0.784
0.862
0.718
0.760
0.983
0.728
0.843
0.914
0.864
0.778
0.705
0.852
0.929
0.931
0.917
0.974
0.938
0.750
0.639
0.604
0.891
0.645
0.671
0.719
0.773
0.934
0.933
0.792
0.983
0.830
0.776
0.668
0.714
0.565
0.599
0.736
0.917
0.870
0.751
0.728
0.857
0.711
0.915
0.851
0.953
0.873
0.854
0.972
0.930
0.768
0.688
0.680
0.724
0.985
0.943
0.907
0.746
0.689
0.922
0.741
0.587
0.718
0.948
0.864
0.718
0.669
0.770
0.855
0.912
0.698
0.799
0.779
0.804
0.857
0.857
0.838
0.677
0.731
0.710
0.683
0.894
0.707
0.664
0.576
0.549
0.629
0.652
0.737
0.722
0.796
0.942
0.704
0.569
0.701
0.835
0.976
0.965
0.853
0.882
0.959
0.965
0.951
0.740
0.652
0.672
0.722
0.685
0.975
0.928
0.785
0.821
0.760
0.767
0.738
0.986
0.747
0.690
0.923
0.830
0.814
0.780
0.750
0.957
0.845
0.863
0.942
0.943
0.928
0.769
0.853
0.798
0.778
0.961
0.811
0.971
0.985
0.872
0.881
0.899
0.810
0.947
0.895
0.849
0.830
0.644
0.661
0.692
0.785
0.836
0.843
0.808
0.802
0.961
0.962
0.948
0.925
0.981
0.995
0.979
0.977
0.960
0.963
0.982
0.926
0.942
0.866
0.868
0.954
0.985
0.968
0.869
0.733
0.553
0.660
0.648
0.788
0.849
0.760
0.875
0.904
0.783
0.801
0.896
0.874
0.951
0.979
0.949
0.941
0.942
0.920
0.976
0.942
0.936
0.883
0.935
0.888
0.974
0.960
0.895
0.905
0.955
0.976
0.971
0.976
0.973
0.950
0.932
0.971
0.887
0.971
0.970
0.924
0.971
0.917
0.958
0.942
0.936
0.953
0.947
0.970
0.954
0.995
0.997
0.994
0.966
0.894
0.882
0.909
0.983
0.960
0.931
0.959
0.913
0.955
0.930
0.872
0.938
0.973
0.971
0.952
0.931
0.914
0.943
0.900
0.917
0.953
0.966
0.974
0.972
0.982
0.983
0.931
0.978
0.968
0.944
0.966
0.952
0.896
0.826
0.922
0.959
0.916
0.904
0.965
0.969
0.922
0.887
0.937
0.971
0.924
0.933
0.886
0.938
0.937
0.921
0.986
0.966
0.934
0.927
0.977
0.933
0.940
0.963
0.986
0.975
0.982
0.976
0.939
0.937
0.983
0.932
0.926
0.874
0.920
0.955
0.947
0.956
0.963
0.960
0.979
0.950
0.943
0.945
0.943
0.950
0.982
0.986
0.985
0.964
0.969
0.975
0.934
0.971
0.984
0.969
0.911
0.956
0.905
0.934
0.985
0.923
0.902
0.836
0.829
0.829
0.796
0.989
0.993
0.852
0.983
0.904
0.769
0.610
0.762
0.757
0.786
0.837
0.732
0.726
0.929
0.848
0.892
0.815
0.914
0.951
0.798
0.806
0.980
0.964
0.907
0.855
0.678
0.657
0.733
0.776
0.654
0.827
0.913
0.772
0.881
0.870
0.969
0.849
0.851
0.780
0.756
0.964
0.978
0.981
0.979
0.995
0.952
0.816
0.740
0.697
0.740
0.717
0.765
0.922
0.877
0.733
0.643
0.925
0.803
0.871
0.669
0.577
0.546
0.532
0.821
0.901
0.893
0.958
0.935
0.921
0.789
0.868
0.912
0.814
0.734
0.676
0.808
0.899
0.945
0.780
0.853
0.964
0.919
0.780
0.818
0.719
0.705
0.692
0.727
0.672
0.630
0.839
0.877
0.826
0.705
0.652
0.631
0.765
0.712
0.667
0.562
0.529
0.687
0.756
0.702
0.580
0.544
0.434
0.772
0.654
0.586
0.559
0.631
0.905
0.756
0.759
0.798
0.890
0.736
0.730
0.720
0.720
0.699
0.890
0.843
0.770
0.749
0.858
0.746
0.956
0.954
0.932
0.957
0.795
0.732
0.762
0.972
0.760
0.727
0.692
0.679
0.806
0.824
0.775
0.885
0.879
0.780
0.972
0.961
0.792
0.857
0.934
0.909
0.929
0.917
0.771
0.888
0.756
0.786
0.714
0.693
0.927
0.968
0.854
0.854
0.982
0.939
0.819
0.753
0.916
0.933
0.979
0.971
0.892
0.976
0.966
0.960
0.970
0.957
0.968
0.823
0.970
0.874
0.817
0.728
0.851
0.828
0.844
0.838
0.881
0.742
0.743
0.854
0.852
0.961
0.954
0.897
0.819
0.850
0.949
0.827
0.956
0.967
0.885
0.928
0.958
0.933
0.937
0.834
0.957
0.934
0.940
0.941
0.879
0.878
0.943
0.973
0.903
0.906
0.969
0.982
0.906
0.882
0.853
0.858
0.901
0.948
0.846
0.856
0.814
0.849
0.939
0.972
0.942
0.923
0.913
0.939
0.911
0.882
0.898
0.929
0.903
0.895
0.937
0.926
0.963
0.986
0.971
0.983
0.972
0.966
0.976
0.988
0.960
0.959
0.920
0.850
0.899
