19910101
0.988
0.973
0.994
0.988
0.953
0.961
0.982
0.977
0.965
0.976
0.993
0.997
0.990
0.983
0.977
0.952
0.924
0.922
0.924
0.906
0.948
0.947
0.896
0.888
0.949
0.919
0.925
0.852
0.812
0.890
0.904
0.935
0.898
0.905
0.932
0.903
0.875
0.868
0.956
0.949
0.970
0.886
0.907
0.927
0.905
0.935
0.972
0.953
0.961
0.990
0.977
0.977
0.974
0.953
0.973
0.944
0.988
0.961
0.989
0.978
0.982
0.979
0.983
0.980
0.981
0.965
0.932
0.964
0.996
0.990
0.993
0.978
0.967
0.982
0.972
0.929
0.994
0.951
0.976
0.940
0.947
0.990
0.946
0.949
0.993
0.993
0.973
0.967
0.972
0.963
0.978
0.932
0.966
0.966
0.964
0.994
0.956
0.975
0.990
0.964
0.912
0.926
0.950
0.957
0.980
0.985
0.976
0.979
0.966
0.949
0.968
0.942
0.977
0.990
0.986
0.974
0.964
0.956
0.994
0.974
0.989
0.997
0.997
0.994
0.995
0.991
0.990
0.993
0.914
0.933
0.989
0.995
0.997
0.999
0.997
0.995
0.995
0.997
0.995
0.996
0.984
0.977
0.986
0.996
0.996
0.997
0.989
0.973
0.993
0.995
0.983
0.996
0.972
0.988
0.996
0.997
1.001
0.994
0.992
0.879
0.987
0.991
0.986
0.992
0.970
0.861
0.941
0.995
0.971
0.916
0.877
0.849
0.794
0.853
1.008
0.994
0.932
0.991
0.864
0.965
0.843
0.782
0.704
0.792
0.845
0.885
0.743
0.742
0.930
0.968
0.820
0.848
0.894
0.982
0.984
0.853
0.785
0.953
0.812
0.755
0.991
0.992
0.984
0.849
0.921
0.996
0.990
0.998
0.975
0.908
0.751
0.850
0.993
0.992
0.991
0.978
0.917
0.815
0.687
0.710
0.899
0.966
0.814
0.931
0.808
0.833
0.792
0.716
0.660
0.740
0.784
0.945
0.864
0.790
0.906
0.850
0.819
0.778
0.909
0.728
0.870
0.738
0.668
0.654
0.804
0.754
0.709
0.695
0.773
0.914
0.791
0.719
0.570
0.684
0.904
0.927
0.850
0.889
0.811
0.874
0.802
0.748
0.827
0.730
0.728
0.965
0.794
0.694
0.736
0.967
0.879
0.792
0.916
0.944
0.933
0.914
0.748
0.825
0.887
0.824
0.924
0.895
0.832
0.655
0.864
0.793
0.786
0.848
0.919
0.790
0.896
0.920
0.987
0.973
0.963
0.964
0.989
0.980
0.984
0.975
0.942
0.946
0.910
0.888
0.739
0.827
0.903
0.946
0.895
0.962
0.945
0.977
0.982
0.973
0.944
0.959
0.960
0.967
0.969
0.987
0.986
0.965
0.989
0.987
0.990
0.988
0.993
0.985
0.992
0.931
0.908
0.946
0.966
0.954
0.928
0.926
0.872
0.862
0.929
0.956
0.961
0.970
0.915
0.848
0.923
0.894
0.835
0.839
0.852
0.897
0.955
0.978
0.981
0.979
0.977
0.996
0.980
0.984
0.982
0.966
0.982
0.952
0.883
0.877
0.858
0.876
0.922
0.928
0.951
0.970
0.961
0.959
0.963
0.983
0.980
0.953
0.920
0.970
0.945
0.976
0.944
0.971
0.934
0.953
0.976
0.881
0.944
0.968
0.980
0.981
0.988
0.961
0.886
0.951
0.928
0.972
0.906
0.912
0.941
0.975
0.991
0.991
0.958
0.947
0.972
0.964
0.969
0.994
0.988
0.984
0.965
0.976
0.960
0.935
0.899
0.895
0.915
0.956
0.959
0.952
0.983
0.976
0.969
0.960
0.953
0.975
0.965
0.953
0.952
0.937
0.970
0.990
0.980
0.979
0.993
0.981
0.953
0.985
0.990
0.992
0.987
0.960
0.949
0.973
0.988
0.991
0.991
0.995
0.990
0.969
0.963
0.988
0.973
0.968
0.979
0.976
0.993
0.991
0.983
0.989
0.987
0.993
0.994
0.982
0.974
0.862
0.780
0.764
0.939
0.770
0.859
0.899
0.880
0.926
0.995
0.961
0.797
0.985
0.994
0.972
0.900
0.950
0.996
0.997
0.995
0.997
0.997
0.928
0.995
0.996
0.997
1.000
0.991
0.998
0.997
0.996
0.997
1.002
1.002
0.998
0.935
0.942
0.998
0.988
0.981
0.995
0.989
0.979
0.968
0.957
0.979
1.011
0.998
0.999
1.001
0.997
0.993
0.930
0.817
0.976
0.960
0.863
0.938
0.866
0.934
0.969
0.956
0.993
0.997
0.996
1.011
0.999
0.997
1.003
0.988
0.995
0.890
0.878
0.782
0.791
0.811
0.977
0.796
0.691
0.654
0.936
0.774
0.825
0.929
0.903
0.952
0.986
0.928
0.955
0.894
0.920
0.991
1.003
0.950
0.895
0.929
0.917
0.929
0.678
0.729
0.996
0.966
0.799
0.942
0.844
0.739
0.909
0.823
0.691
0.841
0.733
0.633
0.891
0.752
0.769
0.880
0.964
0.885
0.749
0.795
0.510
0.495
0.801
0.864
0.899
0.793
0.914
0.843
0.851
0.726
0.570
0.554
0.573
0.878
0.783
0.747
0.979
0.674
0.654
0.736
0.702
0.540
0.725
0.714
0.842
0.807
0.934
0.986
0.995
0.971
0.925
0.988
0.992
0.929
0.868
0.868
0.815
0.964
0.970
0.886
0.682
0.778
0.820
0.865
0.820
0.725
0.778
0.973
0.783
0.718
0.661
0.799
0.894
0.978
0.922
0.900
0.877
0.976
0.934
0.871
0.976
0.898
0.854
0.972
0.975
0.904
0.870
0.773
0.809
0.975
0.980
0.974
0.956
0.985
0.985
0.959
0.957
0.956
0.984
0.976
0.969
0.983
0.973
0.959
0.994
0.989
0.992
0.995
0.991
0.995
0.912
0.816
0.939
0.954
0.936
0.941
0.944
0.963
0.951
0.986
0.996
0.973
0.962
0.984
0.981
0.984
0.992
0.967
0.939
0.977
0.986
0.959
0.970
0.993
0.975
0.980
0.972
0.991
0.948
0.987
0.972
0.961
0.983
0.983
0.979
0.940
0.979
0.971
0.935
0.947
0.969
0.933
0.958
0.942
0.950
0.979
0.978
0.991
0.974
0.971
0.920
0.866
0.884
0.856
0.922
0.839
0.848
0.830
0.896
0.906
0.913
0.911
0.969
0.993
0.974
0.972
0.957
0.976
0.978
0.985
0.965
0.910
0.902
0.933
0.948
0.912
0.917
0.878
0.978
0.950
0.967
0.946
0.971
0.989
0.991
0.986
0.961
0.931
0.874
0.874
0.902
0.927
0.886
0.973
0.957
0.945
0.930
0.923
0.966
0.940
0.899
0.870
0.923
0.971
0.985
0.961
0.973
0.964
0.932
0.909
0.895
0.928
0.923
0.946
0.963
0.979
0.980
0.985
0.947
0.927
0.969
0.982
0.950
0.949
0.940
0.960
0.981
0.984
0.974
0.977
0.980
0.991
0.996
0.993
0.954
0.978
0.982
0.988
0.995
0.984
0.971
0.960
0.946
0.922
0.931
0.977
0.977
0.990
0.992
0.976
0.981
0.960
0.990
0.996
0.981
0.993
0.996
0.995
0.987
0.961
0.988
0.997
0.995
0.987
0.956
0.870
0.878
0.831
0.777
0.636
0.607
0.937
0.856
0.986
0.996
0.997
0.960
0.983
0.996
0.997
0.996
0.998
0.992
0.997
0.996
0.935
0.942
0.946
0.978
0.943
0.989
0.994
0.951
0.980
0.959
0.942
0.990
0.990
0.939
0.891
0.850
0.824
0.723
0.982
0.997
0.997
0.978
0.873
0.926
0.998
1.006
1.016
0.954
0.991
1.018
0.922
0.806
0.987
0.994
0.966
0.893
0.970
0.768
0.971
0.794
0.702
0.993
0.958
0.883
0.970
1.004
0.990
0.986
0.947
0.982
0.714
0.686
0.648
0.857
0.930
0.854
0.752
0.976
0.753
0.734
0.659
0.887
0.994
0.947
0.892
0.821
0.826
0.732
0.641
0.877
0.927
0.943
0.924
0.939
0.736
0.909
0.945
0.986
0.839
0.962
0.789
0.875
0.863
0.953
0.911
0.726
0.930
0.775
0.943
0.955
0.962
0.830
0.958
0.861
0.818
0.896
0.679
0.710
0.869
0.972
0.912
0.839
0.695
0.861
0.754
0.946
0.975
0.988
0.973
0.959
0.984
0.917
0.762
0.971
0.991
0.882
0.904
0.986
0.996
0.969
0.881
0.885
0.852
0.980
0.955
0.954
0.882
0.897
0.973
0.898
0.949
0.984
0.918
0.910
0.847
0.755
0.791
0.806
0.947
0.989
0.956
0.929
0.984
0.783
0.795
0.896
0.939
0.932
0.846
0.773
0.912
0.870
0.852
0.917
0.880
0.804
0.880
0.878
0.922
0.918
0.934
0.987
0.970
0.960
0.992
0.991
0.997
0.996
0.997
0.998
0.967
0.954
0.972
0.929
0.854
0.924
0.953
0.946
0.951
0.946
0.956
0.958
0.984
0.982
0.971
0.973
0.981
0.945
0.955
0.953
0.979
0.960
0.938
0.936
0.878
0.920
0.912
0.941
0.959
0.894
0.932
0.904
0.963
0.918
0.924
0.923
0.946
0.940
0.849
0.979
0.924
0.923
0.953
0.941
0.933
0.959
0.956
0.973
0.971
0.966
0.966
0.975
0.990
0.982
0.965
0.962
0.932
0.950
0.956
0.953
0.942
0.959
0.934
0.948
0.971
0.979
0.985
0.971
0.979
0.987
0.959
0.965
0.977
0.981
0.982
0.974
0.981
0.980
0.974
0.985
0.951
0.948
0.969
0.907
0.903
0.917
0.955
0.836
0.921
0.979
0.990
0.973
0.965
0.969
0.940
0.967
0.970
0.950
0.963
0.983
0.979
0.969
0.976
0.993
0.990
0.973
0.952
0.976
0.961
0.938
0.912
0.949
0.953
0.943
0.940
0.914
0.947
0.964
0.979
0.978
0.984
0.987
0.986
0.964
0.970
0.989
0.982
0.988
0.962
0.946
0.969
0.985
0.996
0.996
0.992
0.997
0.994
0.992
0.983
0.977
0.986
0.975
0.975
0.981
0.974
0.988
0.990
0.963
0.965
0.963
0.991
0.985
0.964
0.988
0.984
0.982
0.975
0.961
0.969
0.972
0.943
0.956
0.943
0.966
0.953
0.955
0.978
0.986
0.985
0.995
0.988
0.989
0.990
0.995
0.986
0.991
0.976
0.982
0.980
0.982
0.987
0.996
0.990
0.996
0.994
0.952
0.983
0.983
0.958
0.957
0.993
0.984
0.908
0.891
0.929
0.977
0.949
0.859
0.952
0.892
0.925
0.842
0.881
0.836
0.988
0.994
0.969
0.998
0.897
0.982
0.951
0.973
0.969
0.987
0.990
0.996
0.912
0.929
0.911
0.990
0.980
0.994
0.998
0.996
0.881
0.992
0.935
0.983
0.995
0.850
0.927
0.766
0.688
0.772
0.892
0.916
0.977
0.982
0.829
0.815
0.768
0.705
0.529
0.598
0.727
0.879
0.892
0.786
0.941
0.692
0.555
0.926
0.981
0.917
0.907
0.944
0.947
0.874
0.836
0.804
0.935
0.918
0.947
0.865
0.905
0.931
0.998
1.005
0.966
0.895
0.819
0.855
0.967
0.957
0.908
0.762
0.776
0.685
0.819
0.849
0.721
0.770
0.565
0.819
0.735
0.652
0.691
0.540
0.731
0.793
0.803
0.834
0.738
0.975
0.900
0.853
0.848
0.837
0.741
0.754
0.694
0.829
0.989
0.889
0.796
0.679
0.948
0.788
0.761
0.807
0.973
0.985
0.817
0.754
0.725
0.753
0.746
0.789
0.851
0.770
0.774
0.894
0.827
0.917
0.790
0.991
0.992
0.996
0.984
0.955
0.854
0.856
0.721
0.771
0.817
0.972
0.943
0.824
0.778
0.831
0.917
0.947
0.975
0.853
0.932
0.796
0.911
0.870
0.748
0.740
0.691
0.722
0.559
0.664
0.813
0.940
0.901
0.731
0.743
0.802
0.728
0.897
0.989
0.890
0.962
0.847
0.931
0.962
0.970
0.899
0.939
0.933
0.920
0.887
0.841
0.893
0.964
0.938
0.925
0.966
0.996
0.985
0.965
0.972
0.985
0.994
0.982
0.981
0.996
0.980
0.935
0.972
0.973
0.946
0.994
0.983
0.990
0.956
0.913
0.899
0.903
0.969
0.956
0.960
0.985
0.974
0.930
0.911
0.935
0.980
0.972
0.909
0.885
0.965
0.944
0.926
0.957
0.932
0.947
0.983
0.974
0.959
0.960
0.965
0.964
0.946
0.971
0.995
0.979
0.981
0.950
0.968
0.924
0.947
0.900
0.872
0.907
0.922
0.906
0.931
0.975
0.973
0.958
0.937
0.854
0.917
0.942
0.951
0.963
0.970
0.968
0.970
0.979
0.983
0.954
0.978
0.969
0.945
0.975
0.972
0.986
0.941
0.951
0.978
0.987
0.964
0.986
0.968
0.946
0.961
0.987
0.988
0.979
0.975
0.962
0.979
0.974
0.984
0.976
0.991
0.969
0.981
0.982
0.989
0.985
0.959
0.983
0.969
0.978
0.961
0.980
0.961
0.965
0.978
0.934
0.972
0.927
0.965
0.956
0.956
0.970
0.934
0.978
0.963
0.974
0.958
0.950
0.984
0.988
0.981
0.970
0.956
0.940
0.944
0.969
0.983
0.984
0.938
0.962
0.951
0.970
0.991
0.993
0.974
0.975
0.995
0.997
0.996
0.993
0.983
0.986
0.996
0.997
0.995
0.963
0.956
0.991
0.984
0.985
0.919
0.994
0.990
0.935
0.970
0.973
0.992
0.994
0.992
0.980
0.998
0.976
0.940
0.857
0.595
0.931
0.985
0.970
0.982
0.965
0.993
0.997
0.996
0.982
0.996
0.996
0.993
0.968
0.926
0.959
0.997
0.997
0.995
0.994
0.963
0.937
0.927
0.976
0.987
1.002
0.993
0.994
0.995
0.998
0.998
0.994
0.997
0.996
0.997
0.996
0.992
0.996
0.995
0.997
0.996
0.996
0.995
0.984
0.995
0.945
0.984
0.976
0.765
0.871
0.994
0.996
0.996
0.995
0.994
0.885
0.995
0.996
0.986
0.810
0.917
0.917
0.877
0.958
0.853
0.728
0.814
0.770
0.674
0.731
0.916
0.877
0.919
0.942
0.937
0.892
0.776
0.789
0.677
0.782
0.553
0.980
0.844
0.736
0.658
0.815
0.972
0.858
0.967
0.766
0.729
0.781
0.704
0.589
0.720
0.638
0.849
0.961
0.980
0.996
0.975
0.895
0.966
0.971
0.914
0.882
0.862
0.794
0.906
0.952
0.929
0.861
0.814
0.881
0.978
0.922
0.772
0.975
0.986
0.994
0.994
0.992
0.971
0.973
0.982
0.961
0.974
0.920
0.950
0.911
0.818
0.829
0.811
0.811
0.990
0.890
0.979
0.978
0.927
0.922
0.925
0.993
0.970
0.937
0.975
0.980
0.981
0.937
0.975
0.976
0.916
0.938
0.835
0.916
0.890
0.867
0.890
0.881
0.818
0.782
0.823
0.703
0.615
0.763
0.900
0.886
0.815
0.756
0.924
0.974
0.964
0.985
0.978
0.932
0.861
0.819
0.858
0.875
0.956
0.940
0.972
0.984
0.904
0.990
0.968
0.954
0.951
0.929
0.935
0.981
0.963
0.971
0.972
0.975
0.991
0.995
0.959
0.939
0.939
0.962
0.925
0.949
0.905
0.920
0.961
0.979
0.959
0.971
0.978
0.986
0.988
0.974
0.965
0.948
0.961
0.944
0.965
0.935
0.955
0.964
0.925
0.922
0.953
0.976
0.943
0.954
0.959
0.981
0.984
0.989
0.979
0.964
0.991
0.964
0.954
0.948
0.975
0.983
0.952
0.923
0.933
0.951
0.978
0.986
0.968
0.983
0.865
0.868
0.964
0.977
0.991
0.973
0.971
0.968
0.971
0.985
0.982
0.938
0.926
0.909
0.868
0.884
0.913
0.945
0.960
0.971
0.983
0.982
0.977
0.988
0.975
0.970
0.965
0.893
0.904
0.924
0.961
0.953
0.923
0.883
0.892
0.884
0.929
0.923
0.960
0.932
0.938
0.966
0.957
0.965
0.978
0.966
0.947
0.897
0.959
0.922
0.889
0.891
0.956
0.971
0.978
0.970
0.932
0.976
0.950
0.954
0.931
0.906
0.977
0.970
0.969
0.980
0.977
0.904
0.916
0.928
0.971
0.967
0.982
0.997
0.997
0.996
0.994
0.989
0.989
0.992
0.978
0.985
0.991
0.989
0.930
0.958
0.955
0.939
0.972
0.983
0.973
0.973
0.988
0.993
0.953
0.972
0.977
0.977
0.995
0.997
0.994
0.986
0.962
0.928
0.920
0.989
0.988
0.990
0.867
0.701
0.961
0.994
0.958
0.971
0.750
0.792
0.928
0.994
0.997
0.947
0.959
0.845
0.997
0.996
0.997
0.997
0.997
0.995
0.996
0.995
0.996
0.995
0.973
0.996
0.816
0.671
0.676
0.994
0.932
0.896
0.946
0.710
0.988
0.800
0.985
0.884
0.642
0.932
0.996
0.993
0.803
0.795
0.977
0.995
0.785
0.685
0.709
0.831
0.867
0.954
0.915
0.993
0.742
0.673
0.902
0.661
0.620
0.858
0.762
0.879
0.989
0.989
0.960
0.978
0.978
0.858
0.821
0.940
0.848
0.902
0.923
0.795
0.709
0.815
0.924
0.919
0.882
0.853
0.970
0.922
0.993
0.800
0.780
0.841
0.898
0.994
0.763
0.776
0.663
0.730
0.676
0.545
0.738
0.795
0.789
0.639
0.907
0.801
0.810
0.771
0.720
0.828
0.950
0.867
0.749
0.767
0.887
0.862
0.712
0.789
0.933
0.974
0.914
0.836
0.892
0.931
0.816
0.972
0.814
0.850
0.823
0.894
0.866
0.991
0.914
0.941
0.868
0.961
0.856
0.885
0.948
0.966
0.985
0.978
0.943
0.991
0.819
0.995
0.942
0.810
0.973
0.778
0.811
0.956
0.987
0.994
0.995
0.995
0.991
0.849
0.904
0.924
0.989
0.995
0.984
0.844
0.977
0.830
0.975
0.974
0.669
0.730
0.989
0.971
0.957
0.980
0.996
0.992
0.979
0.995
0.996
0.957
0.854
0.990
0.971
0.850
0.959
0.989
0.986
0.976
0.997
0.985
0.996
0.918
0.896
0.875
0.991
0.911
0.982
0.984
0.977
0.961
0.972
0.897
0.973
0.828
0.977
0.930
0.980
0.914
0.960
0.982
0.859
0.815
0.886
0.988
0.989
0.992
0.993
0.985
0.958
0.974
0.957
0.952
0.951
0.954
0.970
0.984
0.978
0.973
0.964
0.981
0.973
0.971
0.969
0.972
0.974
0.976
0.973
0.967
0.972
0.992
0.989
0.992
0.982
0.993
0.968
0.968
0.980
0.995
0.988
0.994
0.993
0.992
0.994
0.994
0.957
0.849
0.833
0.902
0.846
0.894
0.937
0.962
0.956
0.979
0.975
0.949
0.969
0.976
0.975
0.965
0.966
0.930
0.812
0.907
0.922
0.941
0.945
0.966
0.959
0.982
0.986
0.994
0.981
0.965
0.973
0.997
0.988
0.966
0.989
0.948
0.829
0.900
0.784
0.865
0.903
0.937
0.966
0.947
0.931
0.884
0.906
0.928
0.961
0.969
0.957
0.964
0.978
0.959
0.928
0.952
0.959
0.975
0.965
0.982
0.968
0.966
0.971
0.979
0.961
0.733
0.750
0.807
0.907
0.847
0.791
0.985
0.917
0.817
0.687
0.659
0.724
0.829
0.843
0.855
0.906
0.945
0.962
0.856
0.927
0.967
0.884
0.896
0.743
0.948
0.863
0.921
0.852
0.941
0.969
0.950
0.870
0.972
0.987
0.982
0.988
0.976
0.988
0.891
0.904
0.704
0.775
0.815
0.772
0.759
0.651
0.962
0.901
0.696
0.657
0.810
0.973
0.760
0.682
0.743
0.672
0.690
0.882
0.979
0.813
0.909
0.989
0.971
0.796
0.696
0.786
0.785
0.842
0.943
0.948
0.821
0.794
0.762
0.815
0.852
0.625
0.646
0.608
0.763
0.825
0.721
0.748
0.812
0.944
0.845
0.957
0.821
0.696
0.756
0.896
0.670
0.696
0.736
0.901
0.935
0.907
0.862
0.804
0.818
0.766
0.855
0.833
0.767
0.755
0.863
0.842
0.912
0.746
0.921
0.953
0.888
0.944
0.812
0.722
0.943
0.801
0.860
0.735
0.876
0.961
0.825
0.595
0.806
0.836
0.730
0.741
0.915
0.992
0.994
0.979
0.949
0.811
0.918
0.945
0.884
0.793
0.799
0.959
0.729
0.754
0.972
0.982
0.963
0.805
0.786
0.722
0.858
0.880
0.983
0.772
0.848
0.881
0.752
0.682
0.977
0.905
0.775
0.744
0.849
0.947
0.848
0.871
0.808
0.716
0.706
0.686
0.683
0.789
0.855
0.814
0.981
0.881
0.822
0.779
0.798
0.761
0.755
0.864
0.792
0.919
0.859
0.817
0.952
0.826
0.845
0.608
0.719
0.829
0.939
0.804
0.888
0.943
0.783
0.685
0.814
0.664
0.736
0.934
0.873
0.784
0.694
0.741
0.746
0.733
0.895
0.818
0.805
0.802
0.790
0.764
0.738
0.732
0.761
0.748
0.700
0.786
0.850
0.962
0.684
0.540
0.643
0.830
0.798
0.672
0.780
0.677
0.922
0.970
0.966
0.912
0.959
0.874
0.788
0.823
0.828
0.965
0.877
0.621
0.852
0.790
0.862
0.952
0.631
0.458
0.519
0.840
0.844
0.855
0.831
0.846
0.816
0.783
0.790
0.927
0.927
0.859
0.809
0.859
0.911
0.873
0.767
0.947
0.955
0.794
0.930
0.947
0.961
0.954
0.968
0.970
0.978
0.977
0.975
0.979
0.986
0.996
0.995
0.983
0.969
0.965
0.937
0.892
0.953
0.978
0.981
0.978
0.995
0.981
0.990
0.974
0.967
0.932
0.947
0.978
0.986
0.995
0.980
0.988
0.959
0.972
0.981
0.984
0.961
0.976
0.944
0.958
0.973
0.979
0.971
0.967
0.950
0.951
0.969
0.979
0.983
0.945
0.892
0.948
0.954
0.974
0.984
0.992
0.982
0.974
0.933
0.974
0.974
0.971
0.954
0.959
0.980
0.976
0.984
0.931
0.910
0.914
0.921
0.931
0.949
0.943
0.942
0.947
0.846
0.837
0.949
0.956
0.934
0.895
0.907
0.922
0.965
0.995
0.972
0.902
0.987
0.962
0.937
0.970
0.935
0.967
0.995
0.997
0.989
0.972
0.964
0.957
0.970
0.970
0.958
0.970
0.956
0.922
0.952
0.968
0.962
0.950
0.930
0.961
0.980
0.980
0.994
0.995
0.997
0.996
0.994
0.985
0.973
0.917
0.959
0.958
0.899
0.932
0.957
0.983
0.934
0.984
0.772
0.968
0.984
0.969
0.908
0.977
0.954
0.905
0.912
0.898
0.888
0.939
0.909
0.875
0.972
0.854
0.957
0.959
0.982
0.956
0.978
0.969
0.834
0.995
0.913
0.729
0.976
0.855
0.987
0.931
0.840
0.842
0.886
0.909
0.996
0.820
0.965
0.750
0.711
0.979
0.927
0.982
0.971
0.889
0.886
0.990
0.849
0.895
0.995
0.975
0.743
0.956
0.931
0.965
0.982
0.969
0.745
0.825
0.649
0.804
0.949
0.881
0.883
0.973
0.985
0.919
0.818
0.609
0.694
0.907
0.639
0.841
0.982
0.993
0.899
0.751
0.914
0.866
0.786
0.737
0.994
0.746
0.589
0.629
0.764
0.707
0.758
0.910
0.866
0.910
0.988
0.725
0.814
0.935
0.994
0.851
0.824
0.791
0.858
0.986
0.772
0.752
0.727
0.784
0.761
0.854
0.708
0.843
0.704
0.830
0.651
0.618
0.545
0.834
0.751
0.909
0.975
0.835
0.845
0.833
0.720
0.770
0.954
0.877
0.708
0.890
0.758
0.968
0.731
0.715
0.646
0.590
0.636
0.633
0.658
0.838
0.788
0.829
0.665
0.705
0.973
0.805
0.780
0.803
0.859
0.803
0.929
0.906
0.841
0.895
0.856
0.888
0.989
0.803
0.716
0.699
0.923
0.881
0.970
0.814
0.808
0.969
0.743
0.777
0.890
0.967
0.956
0.975
0.876
0.872
0.916
0.977
0.872
0.991
0.952
0.985
0.954
0.722
0.783
0.778
0.889
0.955
0.843
0.869
0.947
0.933
0.979
0.952
0.977
0.897
0.987
0.986
0.822
0.759
0.802
0.880
0.970
0.953
0.841
0.875
0.775
0.976
0.994
0.973
0.930
0.852
0.743
0.855
0.959
0.942
0.969
0.865
0.880
0.864
0.866
0.974
0.934
0.948
0.982
0.958
0.896
0.966
0.915
0.962
0.982
0.982
0.952
0.966
0.912
0.946
0.969
0.972
0.910
0.914
0.944
0.921
0.830
0.947
0.990
0.992
0.982
0.972
0.977
0.973
0.981
0.973
0.962
0.971
0.959
0.946
0.948
0.946
0.928
0.882
0.968
0.983
0.985
0.989
0.971
0.949
0.948
0.909
0.927
0.951
0.972
0.969
0.955
0.942
0.948
0.957
0.962
0.980
0.967
0.959
0.955
0.933
0.931
0.941
0.918
0.963
0.924
0.913
0.944
0.986
0.972
0.948
0.983
0.951
0.966
0.960
0.956
0.967
0.964
0.975
0.944
0.958
0.928
0.937
0.973
0.957
0.964
0.988
0.968
0.980
0.955
0.899
0.881
0.823
0.952
0.986
0.988
0.982
0.976
0.966
0.920
0.956
0.935
0.913
0.868
0.901
0.942
0.934
0.954
0.954
0.974
0.991
0.995
0.989
0.979
0.958
0.965
0.928
0.966
0.985
0.974
0.987
0.992
0.987
0.974
0.973
0.963
0.960
0.935
0.983
0.990
0.995
0.981
0.966
0.978
0.997
0.997
0.961
0.894
0.958
0.987
0.982
0.983
0.989
0.995
0.980
0.987
0.986
0.985
0.996
0.986
0.981
0.984
0.996
0.993
0.986
0.996
0.988
0.994
0.983
0.997
0.987
0.996
0.963
0.977
0.831
0.979
0.993
0.981
0.981
0.955
0.958
0.986
0.967
0.994
0.996
0.911
0.992
0.996
0.865
0.844
0.994
0.945
0.990
0.935
0.876
0.984
0.967
0.771
0.988
0.967
0.992
0.969
0.953
0.829
0.990
0.942
0.893
0.951
0.725
0.890
0.895
0.995
0.994
0.925
0.988
0.922
0.927
0.850
0.988
0.835
0.694
0.853
0.815
0.913
0.758
0.872
0.743
0.991
0.873
0.890
0.754
0.996
0.994
0.890
0.950
0.930
0.993
0.987
0.978
0.981
0.918
0.783
0.965
0.995
0.737
0.990
0.921
0.840
0.858
0.922
0.800
0.912
0.958
0.863
0.810
0.622
0.563
0.767
0.875
0.960
0.986
0.983
0.913
0.888
0.829
0.832
0.872
0.928
0.785
0.778
0.797
0.881
0.847
0.986
0.994
0.910
0.743
0.767
0.910
0.969
0.950
0.840
0.983
0.760
0.707
0.692
0.649
0.850
0.890
0.884
0.805
0.816
0.863
0.933
0.916
0.875
0.701
0.884
0.945
0.873
0.919
0.931
0.980
0.800
0.824
0.759
0.888
0.685
0.808
0.972
0.865
0.957
0.908
0.877
0.888
0.825
0.741
0.854
0.801
0.817
0.885
0.967
0.804
0.774
0.842
0.759
0.783
0.756
0.564
0.832
0.967
0.918
0.728
0.774
0.859
0.743
0.829
0.872
0.844
0.901
0.838
0.938
0.858
0.871
0.849
0.793
0.980
0.842
0.995
0.973
0.966
0.968
0.870
0.990
0.972
0.919
0.985
0.864
0.868
0.930
0.720
0.854
0.746
0.862
0.934
0.953
0.903
0.944
0.847
0.931
0.832
0.641
0.813
0.821
0.910
0.823
0.935
0.996
0.988
0.961
0.979
0.978
0.983
0.995
0.985
0.983
0.972
0.958
0.965
0.977
0.963
0.976
0.958
0.965
0.926
0.929
0.952
0.972
0.988
0.971
0.955
0.955
0.942
0.949
0.910
0.854
0.989
0.967
0.932
0.978
0.896
0.896
0.952
0.945
0.984
0.970
0.989
0.955
0.968
0.974
0.956
0.900
0.982
0.978
0.952
0.934
0.878
0.910
0.976
0.924
0.974
0.928
0.947
0.975
0.931
0.931
0.980
0.954
0.880
0.935
0.977
0.943
0.971
0.981
0.977
0.978
0.936
0.880
0.952
0.950
0.941
0.904
0.970
0.989
0.967
0.958
0.964
0.977
0.973
0.878
0.813
0.834
0.911
0.934
0.957
0.988
0.986
0.941
0.974
0.994
0.973
0.988
0.983
0.982
0.984
0.988
0.934
0.969
0.976
0.974
0.990
0.972
0.970
0.955
0.970
0.981
0.984
0.954
0.898
0.918
0.962
0.991
0.964
0.967
0.982
0.969
0.981
0.974
0.961
0.980
0.948
0.931
0.948
0.979
0.997
0.997
0.988
0.996
0.993
0.964
0.984
0.980
0.993
0.994
0.993
0.942
0.920
0.993
0.985
0.996
0.985
0.989
0.993
0.977
0.984
0.965
0.952
0.991
0.944
0.986
0.910
0.984
0.973
0.871
0.965
0.987
0.988
0.959
0.965
0.975
0.982
0.996
0.912
0.888
0.979
0.996
0.998
0.998
0.997
0.863
0.982
0.898
0.994
0.997
0.959
0.867
0.887
0.965
0.967
0.942
0.995
0.920
0.893
0.729
0.856
0.750
0.745
0.790
0.912
0.963
0.788
0.813
0.845
0.859
0.973
0.804
0.864
0.770
0.825
0.718
0.782
0.889
0.885
0.804
0.881
0.917
0.819
0.974
0.719
0.729
0.752
0.811
0.852
0.949
0.856
0.802
0.654
0.762
0.701
0.927
0.733
0.881
0.952
0.882
0.687
0.550
0.492
0.577
0.681
0.679
0.981
0.854
0.917
0.763
0.631
0.655
0.747
0.670
0.744
0.654
0.674
0.714
0.763
0.679
0.795
0.948
0.793
0.832
0.914
0.972
0.775
0.939
0.941
0.959
0.753
0.697
0.770
0.861
0.780
0.712
0.773
0.834
0.904
0.917
0.750
0.965
0.863
0.914
0.747
0.647
0.689
0.964
0.979
0.978
0.985
0.942
0.828
0.849
0.736
0.644
0.878
0.796
0.712
0.682
0.845
0.707
0.727
0.574
0.483
0.524
0.865
0.757
0.654
0.658
0.603
0.832
0.902
0.796
0.829
0.979
0.898
0.924
0.851
0.969
0.977
0.803
0.966
0.827
0.707
0.755
0.779
0.707
0.883
0.844
0.728
0.894
0.944
0.823
0.754
0.766
0.968
0.904
0.862
0.851
0.784
0.857
0.864
0.831
0.762
0.784
0.908
0.965
0.987
0.880
0.896
0.993
0.982
0.955
0.914
0.927
0.868
0.939
0.792
0.797
0.719
0.745
0.951
0.985
0.950
0.869
0.833
0.855
0.827
0.854
0.865
0.850
0.927
0.788
0.857
0.828
0.895
0.867
0.861
0.876
0.979
0.768
0.855
0.888
0.859
0.875
0.938
0.859
0.792
0.852
0.937
0.949
0.944
0.983
0.955
0.886
0.909
0.976
0.884
0.888
0.951
0.958
0.896
0.844
0.877
0.837
0.803
0.862
0.886
0.963
0.934
0.900
0.894
0.910
0.915
0.946
0.935
0.879
0.825
0.886
0.815
0.916
0.794
0.811
0.697
0.873
0.897
0.855
0.489
0.625
0.728
0.869
0.931
0.933
0.967
0.967
0.936
0.924
0.899
0.974
0.972
0.971
0.965
0.966
0.997
0.988
0.966
0.976
0.990
0.993
0.904
0.879
0.909
0.921
0.953
0.971
0.963
0.978
0.955
0.979
0.985
0.991
0.991
0.990
0.955
0.939
0.947
0.972
0.961
0.955
0.936
0.977
0.993
0.980
0.986
0.996
0.979
0.986
0.992
0.956
0.940
0.958
0.971
0.946
0.965
0.978
0.987
0.972
0.981
0.892
0.984
0.986
0.965
0.950
0.927
0.927
0.840
0.881
0.838
0.957
0.970
0.978
0.915
0.922
0.959
0.979
0.921
0.955
0.979
0.936
0.940
0.933
0.958
0.961
0.943
0.949
0.947
0.972
0.958
0.977
0.912
0.988
0.967
0.952
0.834
0.943
0.984
0.956
0.864
0.898
0.804
0.847
0.876
0.845
0.983
0.984
0.964
0.949
0.989
0.995
0.926
0.825
0.911
0.940
0.948
0.904
0.977
0.972
0.962
0.946
0.811
0.820
0.933
0.833
0.779
0.879
0.769
0.769
0.689
0.726
0.751
0.813
0.839
0.978
0.973
0.937
0.865
0.874
0.778
0.818
0.666
0.839
0.867
0.721
0.800
0.928
0.741
0.823
0.927
0.877
0.913
0.916
0.998
0.780
0.848
0.716
0.653
0.749
0.901
0.880
0.785
0.980
0.776
0.644
0.902
0.718
0.893
0.978
0.989
0.970
0.669
0.809
0.838
0.668
0.956
0.835
0.986
0.994
0.774
0.678
0.652
0.720
0.691
0.729
0.643
0.604
0.963
0.815
0.715
0.963
0.827
0.739
0.698
0.733
0.598
0.680
0.844
0.774
0.713
0.902
0.758
0.816
0.810
0.803
0.988
0.877
0.890
0.936
0.992
0.876
0.740
0.743
0.849
0.791
0.755
0.705
0.721
0.840
0.784
0.618
0.751
0.633
0.856
0.971
0.845
0.784
0.777
0.910
0.941
0.970
0.894
0.732
0.646
0.626
0.581
0.667
0.896
0.763
0.850
0.928
0.876
0.798
0.772
0.726
0.683
0.644
0.682
0.852
0.721
0.877
0.976
0.975
0.958
0.690
0.962
0.991
0.939
0.966
0.915
0.878
0.878
0.893
0.844
0.710
0.942
0.925
0.947
0.983
0.863
0.782
0.771
0.993
0.994
0.996
0.984
0.993
0.981
0.841
0.920
0.994
0.988
0.812
0.765
0.711
0.951
0.819
0.736
0.813
0.789
0.790
0.839
0.845
0.622
0.541
0.680
0.734
0.954
0.823
0.715
0.775
0.794
0.935
0.847
0.793
0.964
0.916
0.839
0.745
0.770
0.847
0.681
0.629
0.952
0.841
0.753
0.817
0.888
0.869
0.908
0.811
0.953
0.819
0.760
0.981
0.965
0.927
0.542
0.426
0.679
0.651
0.832
0.905
0.725
0.580
0.953
0.900
0.961
0.973
0.943
0.861
0.903
0.976
0.990
0.993
0.981
0.938
0.960
0.970
0.967
0.831
0.870
0.850
0.950
0.980
0.918
0.866
0.920
0.873
0.891
0.895
0.922
0.933
0.915
0.963
0.931
0.868
0.960
0.970
0.919
0.975
0.988
0.939
0.922
0.882
0.886
0.838
0.874
0.763
0.858
0.941
0.900
0.944
0.917
0.907
0.929
0.942
0.862
0.887
0.962
0.957
0.920
0.957
0.976
0.984
0.977
0.979
0.982
0.970
0.975
0.979
0.990
0.934
0.886
0.910
0.956
0.880
0.856
0.913
0.898
0.967
0.987
0.953
0.978
0.954
0.916
0.916
0.942
0.934
0.952
0.919
0.901
0.910
0.916
0.905
0.970
0.893
0.924
0.957
0.959
0.981
0.993
0.981
0.967
0.996
0.985
0.965
0.974
0.977
0.991
0.986
0.988
0.975
0.975
0.962
0.959
0.880
0.865
0.964
0.980
0.961
0.991
0.990
0.993
0.989
0.983
0.977
0.952
0.925
0.907
0.918
0.966
0.965
0.968
0.953
0.887
0.924
0.883
0.970
0.914
0.937
0.963
0.976
0.972
0.961
0.988
0.954
0.987
0.993
0.974
0.966
0.926
0.988
0.995
0.962
0.889
0.837
0.995
0.978
0.824
0.867
0.734
0.891
0.753
0.804
0.762
0.799
0.949
0.955
0.768
0.749
0.797
0.721
0.717
0.789
0.909
0.849
0.805
0.699
0.634
0.621
0.742
0.946
0.881
0.696
0.690
0.790
0.909
0.846
0.902
0.928
0.983
0.817
0.752
0.732
0.712
0.664
0.530
0.681
0.739
0.638
0.975
0.929
0.975
0.949
0.754
0.730
0.611
0.538
0.580
0.682
0.609
0.518
0.624
0.756
0.879
0.677
0.712
0.902
0.901
0.676
0.653
0.969
0.749
0.775
0.699
0.848
0.847
0.812
0.698
0.916
0.801
0.662
0.661
0.794
0.903
0.903
0.970
0.969
0.923
0.870
0.915
0.898
0.741
0.605
0.690
0.730
0.586
0.697
0.962
0.878
0.830
0.717
0.852
0.830
0.848
0.958
0.811
0.724
0.955
0.909
0.984
0.991
0.862
0.905
0.831
0.988
0.991
0.992
0.867
0.794
0.858
0.851
0.882
0.692
0.727
0.974
0.805
0.880
0.924
0.901
0.827
0.916
0.912
0.945
0.802
0.794
0.991
0.919
0.815
0.833
0.875
0.908
0.916
0.823
0.798
0.978
0.903
0.777
0.724
0.770
0.963
0.803
0.719
0.569
0.823
0.886
0.949
0.986
0.985
0.996
0.979
0.962
0.993
0.922
0.806
0.926
0.762
0.682
0.802
0.929
0.971
0.965
0.980
0.791
0.799
0.828
0.967
0.995
0.959
0.938
0.843
0.801
0.913
0.878
0.920
0.707
0.872
0.887
0.898
0.876
0.942
0.916
0.816
0.870
0.589
0.747
0.938
0.960
0.970
0.975
0.979
0.995
0.946
0.948
0.969
0.980
0.986
0.983
0.926
0.990
0.952
0.826
0.809
0.918
0.967
0.975
0.922
0.872
0.929
0.821
0.867
0.862
0.969
0.967
0.933
0.975
0.982
0.926
0.918
0.971
0.948
0.963
0.965
0.951
0.958
0.880
0.767
0.780
0.840
0.864
0.828
0.870
0.856
0.967
0.955
0.744
0.603
0.931
0.917
0.938
0.940
0.963
0.932
0.912
0.911
0.971
0.971
0.994
0.980
0.969
0.900
0.956
0.953
0.937
0.919
0.908
0.911
0.894
0.896
0.781
0.903
0.980
0.949
0.976
0.956
0.953
0.951
0.959
0.960
0.968
0.971
0.986
0.965
0.964
0.987
0.982
0.945
0.945
0.939
0.873
0.920
0.959
0.976
0.955
0.959
0.922
0.982
0.947
0.934
0.858
0.873
0.928
0.943
0.897
0.903
0.914
0.906
0.921
0.958
0.967
0.990
0.976
0.961
0.949
0.952
0.956
0.936
0.992
0.989
0.987
0.965
0.968
0.972
0.988
0.963
0.952
0.954
0.943
0.916
0.985
0.961
0.954
0.920
0.918
0.954
0.934
0.955
0.976
0.975
0.975
0.961
0.878
0.991
0.995
0.895
0.982
0.997
0.991
0.983
0.988
0.985
0.947
0.982
0.976
0.902
0.805
0.915
0.888
0.928
0.985
0.965
0.984
0.862
0.753
0.816
0.952
0.954
0.737
0.876
0.912
0.856
0.917
0.872
0.862
0.789
0.759
0.757
0.758
0.806
0.817
0.745
0.671
0.574
0.583
0.645
0.617
0.876
0.939
0.931
0.878
0.962
0.875
0.732
0.694
0.835
0.755
0.770
0.949
0.972
0.897
0.764
0.639
0.779
0.914
0.985
0.948
0.940
0.895
0.900
0.746
0.628
0.634
0.744
0.870
0.903
0.903
0.803
0.872
0.694
0.744
0.719
0.767
0.704
0.865
0.810
0.736
0.863
0.787
0.753
0.682
0.543
0.525
0.591
0.795
0.799
0.847
0.831
0.655
0.582
0.862
0.776
0.915
0.929
0.860
0.721
0.703
0.731
0.700
0.711
0.674
0.659
0.651
0.507
0.587
0.711
0.913
0.766
0.576
0.527
0.690
0.656
0.671
0.817
0.709
0.654
0.708
0.980
0.732
0.676
0.678
0.792
0.673
0.626
0.591
0.577
0.594
0.586
0.540
0.556
0.553
0.490
0.454
0.386
0.465
0.675
0.736
0.785
0.811
0.743
0.685
0.748
0.774
0.630
0.597
0.662
0.647
0.595
0.663
0.791
0.898
0.978
0.803
0.936
0.671
0.540
0.585
0.728
0.789
0.925
0.955
0.895
0.877
0.975
0.977
0.833
0.666
0.631
0.629
0.550
0.577
0.515
0.606
0.557
0.923
0.902
0.660
0.724
0.739
0.759
0.952
0.765
0.836
0.750
0.873
0.880
0.992
0.884
0.925
0.918
0.989
0.921
0.855
0.899
0.925
0.873
0.728
0.688
0.660
0.639
0.738
0.925
0.955
0.975
0.961
0.884
0.630
0.757
0.920
0.949
0.971
0.962
0.930
0.973
0.936
0.875
0.889
0.755
0.724
0.867
0.845
0.918
0.886
0.927
0.833
0.985
0.921
0.899
0.901
0.967
0.900
0.933
0.783
0.798
0.916
0.886
0.892
0.933
0.950
0.887
0.977
0.957
0.925
0.899
0.906
0.905
0.780
0.863
0.844
0.797
0.396
0.769
0.805
0.913
0.889
0.767
0.940
0.927
0.963
0.970
0.963
0.965
0.973
0.963
0.961
0.865
0.784
0.881
0.933
0.962
0.955
0.985
0.992
0.983
0.982
0.966
0.898
0.927
0.973
0.979
0.985
0.967
0.983
0.985
0.980
0.996
0.988
0.972
0.966
0.936
0.962
0.967
0.944
0.980
0.963
0.920
0.832
0.906
0.971
0.939
0.967
0.942
0.926
0.918
0.962
0.961
0.959
0.951
0.921
0.937
0.953
0.974
0.961
0.960
0.942
0.977
0.974
0.984
0.949
0.953
0.975
0.883
0.954
0.940
0.928
0.980
0.995
0.973
0.936
0.936
0.957
0.946
0.915
0.941
0.939
0.934
0.967
0.925
0.949
0.986
0.988
0.977
0.957
0.939
0.976
0.979
0.989
0.986
0.969
0.946
0.890
0.943
0.968
0.992
0.899
0.984
0.989
0.987
0.985
0.972
0.931
0.965
0.952
0.973
0.939
0.986
0.964
0.974
0.983
0.880
0.901
0.931
0.892
0.948
0.983
0.988
0.957
0.975
0.964
0.984
0.958
0.991
0.915
0.978
0.948
0.875
0.982
0.947
0.990
0.977
0.962
0.995
0.994
0.972
0.840
0.918
0.902
0.984
0.943
0.912
0.990
0.951
0.817
0.926
0.922
0.795
0.987
0.995
0.913
0.988
0.995
0.777
0.705
0.950
0.918
0.898
0.994
0.879
0.661
0.859
0.668
0.881
0.966
0.907
0.661
0.970
0.877
0.951
0.992
0.908
0.955
0.886
0.687
0.627
0.629
0.688
0.778
0.857
0.976
0.791
0.701
0.950
0.690
0.650
0.909
0.980
0.753
0.866
0.849
0.795
0.784
0.653
0.526
0.881
0.708
0.602
0.826
0.853
0.735
0.726
0.674
0.944
0.763
0.610
0.900
0.848
0.810
0.804
0.911
0.764
0.870
0.774
0.830
0.746
0.834
0.846
0.842
0.690
0.657
0.936
0.848
0.778
0.901
0.713
0.647
0.631
0.720
0.756
0.666
0.640
0.684
0.844
0.772
0.797
0.686
0.577
0.733
0.861
0.843
0.766
0.865
0.819
0.672
0.761
0.665
0.724
0.945
0.949
0.800
0.566
0.833
0.919
0.982
0.808
0.730
0.915
0.864
0.898
0.849
0.729
0.729
0.898
0.718
0.725
0.732
0.718
0.687
0.662
0.797
0.971
0.808
0.795
0.986
0.951
0.793
0.748
0.713
0.826
0.806
0.711
0.927
0.975
0.988
0.971
0.883
0.830
0.787
0.858
0.805
0.788
0.817
0.735
0.702
0.783
0.898
0.861
0.919
0.977
0.989
0.895
0.792
0.736
0.834
0.969
0.781
0.732
0.820
0.838
0.927
0.936
0.852
0.687
0.771
0.807
0.830
0.809
0.823
0.810
0.976
0.867
0.804
0.692
0.695
0.927
0.972
0.983
0.963
0.888
0.891
0.852
0.860
0.974
0.947
0.904
0.892
0.936
0.878
0.913
0.948
0.923
0.982
0.990
0.945
0.874
0.952
0.929
0.796
0.906
0.919
0.902
0.929
0.942
0.912
0.947
0.849
0.851
0.918
0.822
0.701
0.826
0.752
0.786
0.706
0.860
0.901
0.890
0.938
0.955
0.927
0.893
0.910
0.970
0.971
0.974
0.988
0.983
0.980
0.977
0.939
0.939
0.976
0.984
0.973
0.949
0.950
0.988
0.950
0.915
0.972
0.948
0.950
0.949
0.985
0.943
0.884
0.879
0.905
0.959
0.967
0.970
0.984
0.977
0.947
0.946
0.934
0.912
0.870
0.850
0.818
0.820
0.952
0.973
0.968
0.983
0.958
0.913
0.948
0.937
0.936
0.952
0.925
0.990
0.997
0.973
0.961
0.951
0.953
0.944
0.943
0.952
0.962
0.958
0.956
0.949
0.912
0.918
0.939
0.913
0.835
0.820
0.904
0.945
0.973
0.927
0.943
0.925
0.961
0.976
0.959
0.943
0.963
0.950
0.982
0.980
0.958
0.944
0.946
0.966
0.996
0.983
0.945
0.957
0.936
0.995
0.990
0.987
0.981
0.917
0.952
0.926
0.884
0.814
0.974
0.972
0.737
0.937
0.839
0.929
0.985
0.861
0.956
0.924
0.950
0.925
0.804
0.987
0.944
0.964
0.981
0.994
0.964
0.975
0.989
0.887
0.980
0.933
0.926
0.958
0.993
0.771
0.955
0.762
0.927
0.856
0.990
0.957
0.899
0.880
0.925
0.967
0.829
0.798
0.955
0.959
0.822
0.909
0.887
0.996
0.831
0.657
0.900
0.990
0.938
0.860
0.752
0.826
0.758
0.888
0.883
0.959
0.944
0.778
0.741
0.755
0.956
0.763
0.930
0.989
0.805
0.811
0.767
0.691
0.942
0.785
0.814
0.970
0.808
0.831
0.945
0.729
0.530
0.595
0.729
0.674
0.644
0.861
0.892
0.704
0.662
0.769
0.714
0.968
0.920
0.699
0.760
0.940
0.739
0.935
0.783
0.784
0.929
0.993
0.954
0.730
0.636
0.650
0.644
0.583
0.732
0.831
0.654
0.771
0.752
0.749
0.717
0.804
0.886
0.747
0.629
0.538
0.879
0.967
0.815
0.848
0.977
0.891
0.710
0.921
0.970
0.857
0.653
0.652
0.747
0.713
0.799
0.867
0.973
0.993
0.820
0.775
0.803
0.987
0.989
0.991
0.992
0.795
0.775
0.972
0.878
0.953
0.766
0.817
0.808
0.748
0.840
0.901
0.809
0.746
0.612
0.692
0.679
0.826
0.886
0.878
0.825
0.849
0.853
0.843
0.745
0.993
0.993
0.950
0.911
0.836
0.814
0.811
0.787
0.833
0.889
0.951
0.850
0.940
0.864
0.831
0.993
0.986
0.891
0.915
0.829
0.782
0.856
0.864
0.812
0.733
0.693
0.777
0.736
0.624
0.798
0.671
0.831
0.773
0.863
0.801
0.776
0.894
0.827
0.755
0.748
0.721
0.625
0.580
0.594
0.678
0.869
0.864
0.806
0.817
0.964
0.970
0.886
0.636
0.810
0.853
0.815
0.689
0.803
0.784
0.762
0.840
0.829
0.889
0.857
0.770
0.968
0.956
0.941
0.909
0.953
0.915
0.931
0.929
0.965
0.977
0.934
0.950
0.974
0.966
0.987
0.989
0.979
0.948
0.974
0.923
0.846
0.928
0.972
0.976
0.961
0.970
0.965
0.948
0.947
0.965
0.901
0.953
0.989
0.961
0.971
0.961
0.968
0.934
0.865
0.863
0.984
0.964
0.979
0.979
0.970
0.945
0.955
0.950
0.946
0.943
0.895
0.922
0.901
0.939
0.926
0.933
0.927
0.967
0.985
0.956
0.941
0.982
0.981
0.873
0.898
0.947
0.958
0.959
0.973
0.982
0.986
0.837
0.796
0.927
0.917
0.882
0.918
0.960
0.974
0.963
0.966
0.953
0.937
0.892
0.874
0.939
0.976
0.988
0.968
0.974
0.967
0.984
0.981
0.994
0.989
0.984
0.983
0.973
0.912
0.896
0.903
0.881
0.951
0.987
0.961
0.953
0.958
0.948
0.989
0.965
0.958
0.928
0.908
0.911
0.959
0.982
0.961
0.969
0.991
0.978
0.993
0.995
0.985
0.986
0.987
0.994
0.997
0.995
0.981
0.978
0.991
0.982
0.985
0.983
0.979
0.991
0.955
0.961
0.983
0.991
0.987
0.980
0.947
0.972
0.990
0.976
0.968
0.960
0.985
0.977
0.942
0.946
0.915
0.947
0.948
0.965
0.925
0.992
0.996
0.996
0.926
0.926
0.941
0.906
0.882
0.876
0.892
0.850
0.957
0.987
0.945
0.787
0.886
0.877
0.987
0.813
0.832
0.882
0.821
0.786
0.907
0.862
0.781
0.985
0.949
0.749
0.809
0.895
0.892
0.967
0.981
0.923
0.946
0.933
0.963
0.987
0.919
0.976
0.836
0.735
0.740
0.753
0.723
0.741
0.662
0.580
0.583
0.721
0.862
0.813
0.924
0.663
0.784
0.817
0.962
0.848
0.778
0.817
0.831
0.889
0.952
0.844
0.742
0.715
0.729
0.684
0.798
0.802
0.959
0.935
0.874
0.693
0.671
0.863
0.744
0.704
0.735
0.619
0.557
0.556
0.548
0.560
0.799
0.661
0.840
0.739
0.631
0.646
0.621
0.711
0.897
0.727
0.647
0.921
0.808
0.981
0.989
0.946
0.973
0.982
0.854
0.971
0.832
0.890
0.966
0.857
0.919
0.704
0.766
0.702
0.706
0.756
0.966
0.763
0.828
0.729
0.845
0.766
0.732
0.812
0.847
0.855
0.982
0.799
0.633
0.667
0.738
0.747
0.750
0.695
0.755
0.875
0.596
0.693
0.731
0.511
0.543
0.663
0.813
0.720
0.898
0.942
0.984
0.832
0.741
0.685
0.728
0.636
0.746
0.985
0.971
0.821
0.812
0.835
0.898
0.840
0.798
0.962
0.907
0.727
0.944
0.760
0.683
0.644
0.560
0.754
0.823
0.945
0.767
0.725
0.797
0.708
0.683
0.772
0.839
0.805
0.771
0.926
0.796
0.724
0.715
0.779
0.911
0.870
0.629
0.961
0.691
0.909
0.803
0.752
0.688
0.525
0.673
0.947
0.894
0.678
0.953
0.837
0.954
0.900
0.852
0.813
0.877
0.898
0.932
0.963
0.975
0.947
0.988
0.994
0.991
0.972
0.955
0.973
0.984
0.941
0.938
0.948
0.992
0.988
0.988
0.995
0.975
0.965
0.947
0.763
0.875
0.934
0.933
0.953
0.979
0.997
0.985
0.969
0.887
0.925
0.901
0.917
0.916
0.910
0.883
0.928
0.768
0.932
0.963
0.984
0.958
0.946
0.976
0.986
0.985
0.989
0.992
0.977
0.992
0.995
0.978
0.979
0.956
0.970
0.945
0.970
0.976
0.982
0.977
0.988
0.972
0.959
0.996
0.953
0.922
0.920
0.944
0.965
0.982
0.956
0.941
0.980
0.967
0.993
0.915
0.958
0.986
0.968
0.976
0.972
0.979
0.977
0.985
0.982
0.961
0.990
0.974
0.977
0.980
0.987
0.976
0.986
0.981
0.978
0.983
0.985
0.978
0.983
0.989
0.984
0.980
0.984
0.978
0.967
0.982
0.988
0.995
0.990
0.990
0.931
0.963
0.954
0.992
0.964
0.976
0.992
0.987
0.980
0.976
0.976
0.966
0.976
0.986
0.982
0.984
0.982
0.982
0.983
0.984
0.987
0.986
0.983
0.987
0.994
0.957
0.938
0.944
0.987
0.924
0.931
0.864
0.962
0.833
0.705
0.747
0.760
0.731
0.893
0.764
0.718
0.718
0.678
0.628
0.761
0.718
0.736
0.677
0.673
0.673
0.750
0.995
0.905
0.954
0.952
0.926
0.994
0.898
0.841
0.923
0.744
0.854
0.792
0.799
0.703
0.985
0.823
0.973
0.866
0.776
0.739
0.774
0.866
0.824
0.840
0.841
0.721
0.754
0.895
0.980
0.978
0.959
0.983
0.984
0.924
0.928
0.942
0.741
0.696
0.896
0.808
0.738
0.913
0.935
0.897
0.811
0.832
0.843
0.771
0.818
0.741
0.791
0.890
0.942
0.817
0.823
0.863
0.721
0.834
0.780
0.705
0.711
0.725
0.968
0.809
0.838
0.812
0.812
0.695
0.779
0.979
0.844
0.765
0.769
0.678
0.663
0.547
0.460
0.559
0.720
0.651
0.616
0.752
0.881
0.652
0.869
0.731
0.683
0.713
0.811
0.777
0.851
0.709
0.652
0.732
0.981
0.784
0.658
0.638
0.853
0.974
0.907
0.860
0.975
0.832
0.870
0.897
0.711
0.901
0.954
0.805
0.944
0.966
0.776
0.775
0.774
0.697
0.742
0.692
0.681
0.768
0.944
0.990
0.836
0.948
0.786
0.803
0.995
0.996
0.995
0.996
0.995
0.995
0.913
0.993
0.975
0.907
0.839
0.972
0.848
0.896
0.953
0.870
0.952
0.856
0.752
0.730
0.666
0.963
0.989
0.910
0.974
0.935
0.922
0.882
0.842
0.752
0.853
0.831
0.985
0.839
0.843
0.887
0.873
0.831
0.828
0.928
0.740
0.775
0.728
0.643
0.978
0.992
0.985
0.986
0.981
0.987
0.992
0.984
0.995
0.995
0.970
0.937
0.993
0.996
0.971
0.949
0.954
0.996
0.962
0.965
0.987
0.984
0.979
0.978
0.989
0.981
0.955
0.978
0.966
0.916
0.890
0.948
0.972
0.975
0.987
0.995
0.995
0.997
0.992
0.978
0.979
0.967
0.981
0.980
0.978
0.983
0.978
0.979
0.993
0.982
0.996
0.981
0.977
0.968
0.984
0.989
0.986
0.932
0.894
0.934
0.920
0.920
0.894
0.926
0.960
0.953
0.958
0.931
0.899
0.944
0.959
0.945
0.944
0.974
0.983
0.949
0.927
0.956
0.971
0.978
0.985
0.981
0.945
0.976
0.982
0.980
0.992
0.987
0.980
0.976
0.978
0.986
0.980
0.981
0.952
0.962
0.986
0.934
0.952
0.964
0.923
0.924
0.947
0.937
0.985
0.981
0.978
0.977
0.955
0.975
0.982
0.984
0.990
0.887
0.938
0.909
0.919
0.917
0.951
0.865
0.922
0.836
0.898
0.867
0.925
0.969
0.980
0.987
0.985
0.969
0.978
0.990
0.996
0.988
0.985
0.993
0.993
0.994
0.976
0.958
0.901
0.975
0.990
0.984
0.980
0.984
0.994
0.978
0.988
0.981
0.985
0.976
0.959
0.877
0.956
0.967
0.938
0.969
0.955
0.946
0.977
0.987
0.992
0.990
0.991
0.993
0.996
0.994
0.995
0.992
0.986
0.993
0.968
0.977
0.990
0.997
0.996
0.990
0.992
0.991
0.993
0.995
0.992
0.974
0.991
0.996
0.995
0.990
0.996
0.995
0.996
1.001
0.992
0.942
0.943
0.888
0.966
0.816
0.937
0.902
0.782
0.924
0.935
0.769
0.797
0.805
0.862
0.658
0.625
0.708
0.775
0.860
0.868
0.985
0.958
0.994
0.986
0.990
0.858
0.832
0.788
0.596
0.509
0.469
0.443
0.580
0.837
0.823
0.702
0.880
0.963
0.979
0.981
0.980
0.916
0.853
0.879
0.936
0.934
0.964
0.810
0.808
0.934
0.972
0.860
0.707
0.687
0.742
0.744
0.773
0.683
0.753
0.913
0.761
0.735
0.727
0.886
0.853
0.905
0.865
0.930
0.696
0.743
0.975
0.761
0.671
0.587
0.789
0.960
0.962
0.992
0.778
0.640
0.965
0.897
0.699
0.945
0.879
0.983
0.970
0.789
0.764
0.836
0.922
0.907
0.817
0.679
0.641
0.801
0.910
0.779
0.706
0.834
0.701
0.719
0.959
0.901
0.684
0.775
0.752
0.969
0.907
0.981
0.890
0.714
0.674
0.740
0.941
0.841
0.802
0.977
0.773
0.770
0.799
0.793
0.835
0.802
0.756
0.802
0.956
0.879
0.779
0.772
0.672
0.674
0.983
0.799
0.669
0.743
0.836
0.945
0.976
0.993
0.996
0.980
0.803
0.678
0.874
0.837
0.842
0.846
0.908
0.816
0.956
0.958
0.828
0.797
0.697
0.812
0.806
0.952
0.983
0.942
0.686
0.738
0.856
0.824
0.836
0.812
0.773
0.726
0.681
0.879
0.883
0.956
0.944
0.788
0.897
0.753
0.771
0.878
0.958
0.874
0.804
0.640
0.775
0.946
0.976
0.912
0.896
0.830
0.782
0.786
0.803
0.757
0.773
0.835
0.904
0.840
0.806
0.836
0.981
0.983
0.962
0.933
0.887
0.972
0.840
0.925
0.831
0.936
0.947
0.940
0.968
0.979
0.959
0.942
0.966
0.979
0.966
0.980
0.978
0.961
0.954
0.981
0.970
0.989
0.957
0.958
0.982
0.992
0.973
0.979
0.968
0.984
0.991
0.982
0.984
0.987
0.988
0.997
0.995
0.992
0.980
0.984
0.902
0.894
0.923
0.956
0.956
0.963
0.981
0.946
0.880
0.885
0.870
0.940
0.954
0.937
0.881
0.839
0.854
0.897
0.906
0.928
0.966
0.930
0.906
0.939
0.925
0.976
0.985
0.940
0.905
0.932
0.948
0.938
0.976
0.960
0.972
0.964
0.917
0.918
0.875
0.892
0.959
0.932
0.933
0.942
0.984
0.906
0.922
0.954
0.940
0.940
0.939
0.905
0.914
0.958
0.889
0.891
0.937
0.975
0.971
0.968
0.981
0.917
0.894
0.970
0.985
0.969
0.993
0.991
0.932
0.975
0.968
0.970
0.925
0.950
0.938
0.972
0.958
0.988
0.918
0.977
0.984
0.946
0.951
0.935
0.948
0.921
0.902
0.924
0.945
0.935
0.937
0.962
0.955
0.993
0.989
0.991
0.980
0.938
0.934
0.982
0.982
0.948
0.940
0.928
0.930
0.896
0.868
0.925
0.931
0.891
0.878
0.890
0.916
0.953
0.942
0.938
0.980
0.903
0.984
0.854
0.818
0.852
0.885
0.940
0.993
0.995
0.932
0.984
0.939
0.994
0.930
0.912
0.810
0.915
0.914
0.928
0.899
0.959
0.909
0.948
0.830
0.921
0.700
0.957
0.945
0.696
0.675
0.796
0.687
0.586
0.510
0.675
0.848
0.776
0.809
0.775
0.786
0.765
0.851
0.786
0.745
0.658
0.905
0.899
0.885
0.823
0.777
0.819
0.691
0.719
0.459
0.851
0.931
0.676
0.644
0.979
0.876
0.853
0.993
0.995
0.989
0.930
0.957
0.969
0.931
0.946
0.935
0.888
0.873
0.931
0.883
0.912
0.948
0.942
0.733
0.719
0.814
0.801
0.751
0.746
0.771
0.808
0.828
0.754
0.986
0.763
0.777
0.756
0.693
0.555
0.935
0.810
0.694
0.640
0.861
0.699
0.849
0.922
0.841
0.839
0.961
0.961
0.781
0.747
0.725
0.852
0.924
0.921
0.849
0.798
0.730
0.768
0.704
0.642
0.599
0.690
0.672
0.568
0.792
0.969
0.766
0.691
0.822
0.867
0.801
0.850
0.966
0.716
0.699
0.674
0.882
0.917
0.967
0.798
0.800
0.671
0.649
0.747
0.963
0.983
0.987
0.948
0.982
0.764
0.834
0.952
0.841
0.792
0.897
0.861
0.823
0.820
0.860
0.867
0.915
0.837
0.845
0.754
0.768
0.815
0.931
0.758
0.708
0.748
0.786
0.763
0.849
0.946
0.966
0.864
0.955
0.980
0.810
0.782
0.740
0.935
0.939
0.703
0.591
0.701
0.903
0.954
0.937
0.847
0.977
0.894
0.578
0.663
0.827
0.717
0.615
0.872
0.847
0.912
0.902
0.910
0.752
0.936
0.907
0.879
0.889
0.766
0.846
0.832
0.909
0.986
0.973
0.979
0.861
0.855
0.853
0.898
0.918
0.940
0.902
0.943
0.944
0.932
0.888
0.925
0.986
0.957
0.950
0.982
0.947
0.962
0.989
0.978
0.973
0.948
0.977
0.971
0.942
0.949
0.939
0.922
0.899
0.875
0.894
0.854
0.912
0.933
0.967
0.944
0.970
0.881
0.879
0.939
0.955
0.973
0.973
0.959
0.944
0.871
0.896
0.924
0.961
0.939
0.970
0.975
0.968
0.950
0.939
0.933
0.938
0.929
0.883
0.942
0.964
0.935
0.910
0.965
0.946
0.851
0.847
0.931
0.959
0.911
0.934
0.911
0.932
0.907
0.865
0.884
0.938
0.913
0.941
0.988
0.976
0.935
0.921
0.942
0.908
0.928
0.914
0.930
0.932
0.909
0.924
0.972
0.955
0.947
0.875
0.918
0.951
0.987
0.932
0.955
0.879
0.931
0.939
0.943
0.952
0.983
0.936
0.915
0.918
0.849
0.900
0.951
0.957
0.934
0.941
0.945
0.954
0.960
0.866
0.855
0.915
0.951
0.977
0.992
0.956
0.948
0.918
0.916
0.918
0.954
0.969
0.929
0.946
0.964
0.886
0.908
0.952
0.992
0.902
0.943
0.981
0.954
0.989
0.915
0.894
0.905
0.970
0.936
0.925
0.935
0.943
0.942
0.841
0.890
0.915
0.960
0.935
0.940
0.979
0.940
0.853
0.788
0.937
0.981
0.990
0.995
0.983
0.979
0.959
0.982
0.990
0.971
0.961
0.895
0.974
0.982
0.988
0.997
0.982
0.983
0.963
0.858
0.991
0.961
0.846
0.737
0.597
0.530
0.869
0.956
0.868
0.951
0.920
0.978
0.989
0.995
0.995
0.797
0.566
0.727
0.883
0.852
0.658
0.585
0.573
0.780
0.967
0.961
0.915
0.967
0.803
0.957
0.983
0.993
0.992
0.915
0.747
0.702
0.685
0.704
0.636
0.624
0.609
0.805
0.755
0.670
0.600
0.879
0.929
0.912
0.715
0.592
0.579
0.564
0.603
0.619
0.671
0.737
0.935
0.730
0.932
0.871
0.748
0.711
0.722
0.760
0.943
0.984
0.858
0.811
0.919
0.805
0.927
0.959
0.753
0.693
0.912
0.903
0.769
0.975
0.992
0.851
0.783
0.765
0.805
0.872
0.939
0.986
0.793
0.785
0.917
0.854
0.850
0.785
0.819
0.826
0.713
0.738
0.898
0.726
0.587
0.908
0.983
0.798
0.865
0.994
0.820
0.733
0.815
0.899
0.801
0.773
0.918
0.845
0.840
0.881
0.810
0.749
0.979
0.760
0.689
0.913
0.973
0.981
0.875
0.721
0.747
0.774
0.678
0.701
0.977
0.965
0.968
0.910
0.917
0.867
0.893
0.880
0.771
0.752
0.954
0.850
0.842
0.838
0.810
0.741
0.563
0.618
0.773
0.823
0.784
0.940
0.975
0.948
0.767
0.868
0.688
0.560
0.884
0.934
0.987
0.876
0.707
0.696
0.663
0.632
0.756
0.790
0.983
0.838
0.798
0.785
0.810
0.886
0.964
0.782
0.791
0.786
0.810
0.759
0.795
0.889
0.989
0.983
0.977
0.975
0.955
0.970
0.981
0.978
0.951
0.906
0.952
0.905
0.953
0.929
0.862
0.961
0.950
0.946
0.929
0.880
0.947
0.974
0.981
0.958
0.943
0.961
0.957
0.930
0.885
0.895
0.874
0.914
0.884
0.880
0.935
0.942
0.946
0.961
0.987
0.953
0.892
0.896
0.878
0.966
0.946
0.912
0.911
0.967
0.895
0.908
0.929
0.954
0.989
0.993
0.985
0.990
0.983
0.986
0.997
0.971
0.960
0.928
0.909
0.934
0.988
0.925
0.955
0.933
0.811
0.927
0.964
0.977
0.956
0.935
0.941
0.954
0.928
0.922
0.865
0.910
0.956
0.926
0.879
0.836
0.910
0.934
0.921
0.946
0.973
0.975
0.960
0.968
0.968
0.957
0.954
0.975
0.956
0.982
0.952
0.890
0.870
0.990
0.951
0.985
0.993
0.960
0.930
0.962
0.965
0.947
0.946
0.940
0.959
0.850
0.744
0.862
0.845
0.838
0.913
0.987
0.994
0.985
0.965
0.978
0.758
0.688
0.596
0.672
0.614
0.722
0.951
0.992
0.984
0.866
0.794
0.820
0.874
0.728
0.706
0.922
0.796
0.782
0.679
0.812
0.717
0.696
0.635
0.927
0.834
0.734
0.734
0.762
0.715
0.771
0.747
0.669
0.673
0.577
0.667
0.834
0.760
0.807
0.901
0.839
0.816
0.776
0.909
0.793
0.977
0.787
0.645
0.633
0.640
0.609
0.539
0.581
0.692
0.795
0.812
0.874
0.942
0.864
0.755
0.692
0.676
0.754
0.783
0.778
0.892
0.713
0.773
0.793
0.985
0.800
0.635
0.649
0.840
0.972
0.938
0.813
0.778
0.651
0.863
0.726
0.887
0.969
0.903
0.969
0.786
0.901
0.778
0.730
0.729
0.805
0.981
0.793
0.736
0.699
0.835
0.983
0.925
0.822
0.750
0.619
0.611
0.644
0.984
0.919
0.732
0.719
0.660
0.748
0.647
0.763
0.803
0.803
0.781
0.925
0.682
0.754
0.988
0.860
0.699
0.791
0.963
0.744
0.974
0.857
0.863
0.987
0.963
0.835
0.695
0.770
0.953
0.815
0.954
0.824
0.754
0.655
0.805
0.952
0.770
0.788
0.967
0.988
0.858
0.831
0.558
0.688
0.809
0.728
0.948
0.799
0.766
0.689
0.827
0.720
0.563
0.596
0.499
0.648
0.595
0.508
0.949
0.734
0.802
0.881
0.756
0.859
0.727
0.641
0.903
0.984
0.793
0.790
0.879
0.843
0.731
0.657
0.838
0.742
0.949
0.864
0.748
0.743
0.967
0.960
0.926
0.706
0.816
0.808
0.797
0.805
0.855
0.892
0.773
0.781
0.762
0.729
0.803
0.757
0.740
0.756
0.725
0.984
0.983
0.976
0.986
0.973
0.900
0.985
0.897
0.548
0.742
0.754
0.580
0.839
0.951
0.781
0.606
0.630
0.750
0.850
0.971
0.846
0.814
0.687
0.760
0.680
0.690
0.740
0.764
0.813
0.846
0.807
0.794
0.817
0.830
0.819
0.810
0.741
0.578
0.469
0.485
0.518
0.628
0.674
0.408
0.592
0.633
0.723
0.842
0.673
0.375
0.655
0.549
0.739
0.596
0.794
0.692
0.793
0.945
0.915
0.936
0.819
0.967
0.972
0.968
0.980
0.978
0.985
0.951
0.972
0.968
0.956
0.971
0.874
0.929
0.921
0.978
0.990
0.974
0.949
0.901
0.907
0.901
0.914
0.960
0.965
0.956
0.995
0.990
0.952
0.968
0.975
0.979
0.977
0.985
0.984
0.974
0.934
0.929
0.973
0.950
0.769
0.793
0.889
0.917
0.973
0.982
0.979
0.989
0.981
0.969
0.823
0.898
0.958
0.987
0.975
0.943
0.925
0.931
0.926
0.840
0.801
0.797
0.764
0.838
0.896
0.872
0.861
0.820
0.810
0.845
0.947
0.968
0.977
0.959
0.961
0.981
0.957
0.940
0.863
0.961
0.989
0.993
0.991
0.979
0.971
0.983
0.955
0.945
0.970
0.998
0.982
0.974
0.958
0.983
0.945
0.906
0.946
0.995
0.976
0.908
0.832
0.818
0.895
0.903
0.991
0.942
0.953
0.829
0.785
0.824
0.855
0.767
0.784
0.754
0.835
0.973
0.873
0.876
0.662
0.763
0.827
0.890
0.975
0.986
0.949
0.678
0.796
0.931
0.801
0.974
0.979
0.976
0.982
0.827
0.863
0.861
0.926
0.807
0.971
0.839
0.945
0.824
0.815
0.708
0.646
0.714
0.711
0.814
0.763
0.870
0.834
0.918
0.941
0.808
0.744
0.717
0.683
0.664
0.962
0.847
0.650
0.637
0.972
0.707
0.740
0.642
0.711
0.658
0.776
0.906
0.881
0.755
0.604
0.616
0.843
0.889
0.752
0.778
0.985
0.714
0.876
0.929
0.862
0.792
0.716
0.896
0.946
0.937
0.950
0.972
0.945
0.751
0.656
0.636
0.906
0.675
0.683
0.768
0.808
0.950
0.902
0.789
0.983
0.867
0.774
0.648
0.735
0.596
0.629
0.749
0.939
0.884
0.771
0.767
0.893
0.765
0.927
0.872
0.966
0.864
0.857
0.975
0.950
0.766
0.670
0.669
0.717
0.987
0.955
0.919
0.743
0.707
0.933
0.737
0.590
0.773
0.950
0.880
0.723
0.686
0.796
0.892
0.915
0.743
0.858
0.782
0.801
0.849
0.903
0.834
0.661
0.750
0.708
0.673
0.910
0.712
0.657
0.575
0.543
0.652
0.650
0.761
0.788
0.862
0.949
0.710
0.579
0.704
0.880
0.982
0.968
0.851
0.884
0.964
0.964
0.955
0.739
0.659
0.678
0.766
0.720
0.976
0.923
0.772
0.818
0.766
0.765
0.724
0.986
0.758
0.682
0.938
0.845
0.845
0.782
0.754
0.971
0.855
0.893
0.944
0.958
0.922
0.775
0.863
0.800
0.768
0.955
0.807
0.969
0.985
0.873
0.885
0.915
0.820
0.949
0.867
0.850
0.857
0.673
0.673
0.706
0.784
0.829
0.853
0.802
0.817
0.969
0.962
0.945
0.931
0.979
0.994
0.986
0.981
0.963
0.975
0.977
0.932
0.949
0.872
0.877
0.961
0.985
0.961
0.840
0.714
0.566
0.679
0.656
0.754
0.831
0.755
0.886
0.904
0.787
0.808
0.899
0.872
0.948
0.979
0.951
0.933
0.940
0.930
0.980
0.943
0.937
0.890
0.942
0.908
0.976
0.961
0.898
0.920
0.968
0.982
0.973
0.975
0.978
0.965
0.947
0.989
0.914
0.978
0.978
0.930
0.952
0.947
0.956
0.955
0.951
0.957
0.959
0.978
0.959
0.996
0.997
0.994
0.957
0.912
0.893
0.920
0.986
0.963
0.938
0.965
0.927
0.954
0.933
0.889
0.947
0.978
0.979
0.948
0.934
0.915
0.942
0.907
0.936
0.964
0.973
0.980
0.978
0.987
0.982
0.949
0.976
0.970
0.949
0.968
0.961
0.935
0.839
0.928
0.953
0.915
0.917
0.970
0.977
0.917
0.914
0.946
0.972
0.924
0.929
0.877
0.932
0.921
0.928
0.982
0.970
0.934
0.916
0.991
0.955
0.971
0.984
0.993
0.976
0.974
0.979
0.939
0.944
0.985
0.935
0.899
0.866
0.959
0.981
0.954
0.971
0.972
0.957
0.988
0.993
0.979
0.963
0.956
0.972
0.990
0.985
0.989
0.966
0.956
0.958
0.970
0.986
0.994
0.985
0.974
0.986
0.931
0.934
0.982
0.908
0.874
0.807
0.830
0.841
0.816
0.987
0.994
0.859
0.979
0.904
0.783
0.658
0.814
0.791
0.805
0.846
0.746
0.731
0.949
0.882
0.914
0.814
0.933
0.947
0.799
0.803
0.981
0.956
0.916
0.868
0.699
0.666
0.731
0.789
0.657
0.835
0.934
0.835
0.910
0.891
0.970
0.853
0.882
0.786
0.776
0.971
0.978
0.980
0.979
0.993
0.962
0.819
0.753
0.718
0.783
0.750
0.806
0.956
0.897
0.737
0.656
0.943
0.809
0.866
0.673
0.579
0.557
0.547
0.840
0.914
0.908
0.959
0.952
0.930
0.825
0.884
0.936
0.829
0.731
0.680
0.840
0.911
0.962
0.785
0.851
0.959
0.924
0.793
0.850
0.722
0.709
0.699
0.732
0.670
0.627
0.821
0.876
0.804
0.700
0.676
0.649
0.817
0.712
0.678
0.597
0.563
0.720
0.755
0.701
0.577
0.540
0.440
0.791
0.684
0.624
0.597
0.654
0.923
0.761
0.765
0.795
0.893
0.744
0.732
0.705
0.695
0.720
0.907
0.852
0.763
0.742
0.865
0.767
0.963
0.967
0.935
0.965
0.800
0.735
0.780
0.975
0.748
0.726
0.694
0.674
0.831
0.832
0.797
0.888
0.889
0.795
0.978
0.947
0.789
0.910
0.941
0.901
0.934
0.916
0.754
0.877
0.766
0.792
0.697
0.659
0.920
0.961
0.832
0.878
0.982
0.946
0.831
0.751
0.921
0.945
0.979
0.975
0.900
0.976
0.972
0.952
0.960
0.938
0.942
0.833
0.947
0.857
0.800
0.730
0.854
0.839
0.856
0.850
0.887
0.754
0.750
0.858
0.854
0.966
0.959
0.902
0.828
0.870
0.949
0.825
0.955
0.969
0.896
0.927
0.964
0.940
0.930
0.835
0.955
0.928
0.961
0.976
0.942
0.929
0.960
0.982
0.939
0.940
0.982
0.991
0.919
0.876
0.848
0.859
0.914
0.954
0.854
0.883
0.838
0.872
0.941
0.974
0.956
0.925
0.920
0.936
0.906
0.893
0.915
0.935
0.916
0.901
0.949
0.941
0.970
0.987
0.974
0.984
0.976
0.971
0.980
0.986
0.959
0.962
0.913
0.882
0.909
